sd_onset_control	effect_size	obs_freq	statistical_test	pwr
1	0.00958904109589041	1	t	0.999999999999906
3	0.00958904109589041	1	t	0.861799999999921
7	0.00958904109589041	1	t	0.262099999999987
14	0.00958904109589041	1	t	0.100200000000002
21	0.00958904109589041	1	t	0.0734000000000011
30	0.00958904109589041	1	t	0.0561000000000006
60	0.00958904109589041	1	t	0.0504000000000004
90	0.00958904109589041	1	t	0.0489000000000004
150	0.00958904109589041	1	t	0.0516000000000005
1	0.0191780821917808	1	t	0.999999999999906
3	0.0191780821917808	1	t	0.999999999999906
7	0.0191780821917808	1	t	0.735299999999935
14	0.0191780821917808	1	t	0.253999999999988
21	0.0191780821917808	1	t	0.142800000000001
30	0.0191780821917808	1	t	0.0963000000000017
60	0.0191780821917808	1	t	0.0662000000000009
90	0.0191780821917808	1	t	0.0536000000000005
150	0.0191780821917808	1	t	0.0521000000000005
1	0.0383561643835616	1	t	0.999999999999906
3	0.0383561643835616	1	t	0.999999999999906
7	0.0383561643835616	1	t	0.998899999999906
14	0.0383561643835616	1	t	0.729599999999936
21	0.0383561643835616	1	t	0.412399999999971
30	0.0383561643835616	1	t	0.222699999999992
60	0.0383561643835616	1	t	0.0919000000000016
90	0.0383561643835616	1	t	0.071500000000001
150	0.0383561643835616	1	t	0.0597000000000007
1	0.0575342465753425	1	t	0.999999999999906
3	0.0575342465753425	1	t	0.999999999999906
7	0.0575342465753425	1	t	0.999999999999906
14	0.0575342465753425	1	t	0.96889999999991
21	0.0575342465753425	1	t	0.733599999999936
30	0.0575342465753425	1	t	0.444599999999967
60	0.0575342465753425	1	t	0.137800000000001
90	0.0575342465753425	1	t	0.0912000000000016
150	0.0575342465753425	1	t	0.0614000000000007
1	0.0821917808219178	1	t	0.999999999999906
3	0.0821917808219178	1	t	0.999999999999906
7	0.0821917808219178	1	t	0.999999999999906
14	0.0821917808219178	1	t	0.999599999999906
21	0.0821917808219178	1	t	0.952199999999911
30	0.0821917808219178	1	t	0.717999999999937
60	0.0821917808219178	1	t	0.250299999999989
90	0.0821917808219178	1	t	0.128300000000002
150	0.0821917808219178	1	t	0.0778000000000012
1	0.1	1	t	0.999999999999906
3	0.1	1	t	0.999999999999906
7	0.1	1	t	0.999999999999906
14	0.1	1	t	0.999999999999906
21	0.1	1	t	0.991099999999907
30	0.1	1	t	0.859899999999922
60	0.1	1	t	0.33189999999998
90	0.1	1	t	0.170299999999998
150	0.1	1	t	0.0924000000000016
1	0.3	1	t	0.999999999999906
3	0.3	1	t	0.999999999999906
7	0.3	1	t	0.999999999999906
14	0.3	1	t	0.999999999999906
21	0.3	1	t	0.999999999999906
30	0.3	1	t	0.999999999999906
60	0.3	1	t	0.986399999999908
90	0.3	1	t	0.78609999999993
150	0.3	1	t	0.388899999999973
1	0.5	1	t	0.999999999999906
3	0.5	1	t	0.999999999999906
7	0.5	1	t	0.999999999999906
14	0.5	1	t	0.999999999999906
21	0.5	1	t	0.999999999999906
30	0.5	1	t	0.999999999999906
60	0.5	1	t	0.999999999999906
90	0.5	1	t	0.987899999999908
150	0.5	1	t	0.702699999999939
1	0.7	1	t	0.999999999999906
3	0.7	1	t	0.999999999999906
7	0.7	1	t	0.999999999999906
14	0.7	1	t	0.999999999999906
21	0.7	1	t	0.999999999999906
30	0.7	1	t	0.999999999999906
60	0.7	1	t	0.999999999999906
90	0.7	1	t	0.999199999999906
150	0.7	1	t	0.896399999999918
1	1	1	t	0.999999999999906
3	1	1	t	0.999999999999906
7	1	1	t	0.999999999999906
14	1	1	t	0.999999999999906
21	1	1	t	0.999999999999906
30	1	1	t	0.999999999999906
60	1	1	t	0.999999999999906
90	1	1	t	0.999999999999906
150	1	1	t	0.977399999999909
1	1.5	1	t	0.999999999999906
3	1.5	1	t	0.999999999999906
7	1.5	1	t	0.999999999999906
14	1.5	1	t	0.999999999999906
21	1.5	1	t	0.999999999999906
30	1.5	1	t	0.999999999999906
60	1.5	1	t	0.999999999999906
90	1.5	1	t	0.999999999999906
150	1.5	1	t	0.998799999999906
1	2	1	t	0.999999999999906
3	2	1	t	0.999999999999906
7	2	1	t	0.999999999999906
14	2	1	t	0.999999999999906
21	2	1	t	0.999999999999906
30	2	1	t	0.999999999999906
60	2	1	t	0.999999999999906
90	2	1	t	0.999999999999906
150	2	1	t	0.999899999999906
1	0.00958904109589041	7	t	0.222199999999992
3	0.00958904109589041	7	t	0.704099999999939
7	0.00958904109589041	7	t	0.24239999999999
14	0.00958904109589041	7	t	0.101700000000002
21	0.00958904109589041	7	t	0.071500000000001
30	0.00958904109589041	7	t	0.0616000000000007
60	0.00958904109589041	7	t	0.0528000000000005
90	0.00958904109589041	7	t	0.0542000000000005
150	0.00958904109589041	7	t	0.0474000000000003
1	0.0191780821917808	7	t	0.999999999999906
3	0.0191780821917808	7	t	0.999299999999906
7	0.0191780821917808	7	t	0.709899999999938
14	0.0191780821917808	7	t	0.254599999999988
21	0.0191780821917808	7	t	0.1472
30	0.0191780821917808	7	t	0.0925000000000016
60	0.0191780821917808	7	t	0.0605000000000007
90	0.0191780821917808	7	t	0.0558000000000006
150	0.0191780821917808	7	t	0.0526000000000005
1	0.0383561643835616	7	t	0.999999999999906
3	0.0383561643835616	7	t	0.999999999999906
7	0.0383561643835616	7	t	0.998499999999906
14	0.0383561643835616	7	t	0.729599999999936
21	0.0383561643835616	7	t	0.407999999999971
30	0.0383561643835616	7	t	0.214599999999993
60	0.0383561643835616	7	t	0.0916000000000016
90	0.0383561643835616	7	t	0.069500000000001
150	0.0383561643835616	7	t	0.0557000000000006
1	0.0575342465753425	7	t	0.999999999999906
3	0.0575342465753425	7	t	0.999999999999906
7	0.0575342465753425	7	t	0.999999999999906
14	0.0575342465753425	7	t	0.96769999999991
21	0.0575342465753425	7	t	0.730399999999936
30	0.0575342465753425	7	t	0.429899999999969
60	0.0575342465753425	7	t	0.1444
90	0.0575342465753425	7	t	0.0820000000000013
150	0.0575342465753425	7	t	0.0624000000000008
1	0.0821917808219178	7	t	0.999999999999906
3	0.0821917808219178	7	t	0.999999999999906
7	0.0821917808219178	7	t	0.999999999999906
14	0.0821917808219178	7	t	0.999599999999906
21	0.0821917808219178	7	t	0.949799999999912
30	0.0821917808219178	7	t	0.714399999999938
60	0.0821917808219178	7	t	0.24269999999999
90	0.0821917808219178	7	t	0.130500000000002
150	0.0821917808219178	7	t	0.0812000000000013
1	0.1	7	t	0.999999999999906
3	0.1	7	t	0.999999999999906
7	0.1	7	t	0.999999999999906
14	0.1	7	t	0.999999999999906
21	0.1	7	t	0.989799999999907
30	0.1	7	t	0.855699999999922
60	0.1	7	t	0.32929999999998
90	0.1	7	t	0.170199999999998
150	0.1	7	t	0.0922000000000016
1	0.3	7	t	0.999999999999906
3	0.3	7	t	0.999999999999906
7	0.3	7	t	0.999999999999906
14	0.3	7	t	0.999999999999906
21	0.3	7	t	0.999999999999906
30	0.3	7	t	0.999999999999906
60	0.3	7	t	0.985999999999908
90	0.3	7	t	0.790099999999929
150	0.3	7	t	0.378599999999975
1	0.5	7	t	0.999999999999906
3	0.5	7	t	0.999999999999906
7	0.5	7	t	0.999999999999906
14	0.5	7	t	0.999999999999906
21	0.5	7	t	0.999999999999906
30	0.5	7	t	0.999999999999906
60	0.5	7	t	0.999999999999906
90	0.5	7	t	0.986499999999908
150	0.5	7	t	0.709599999999938
1	0.7	7	t	0.999999999999906
3	0.7	7	t	0.999999999999906
7	0.7	7	t	0.999999999999906
14	0.7	7	t	0.999999999999906
21	0.7	7	t	0.999999999999906
30	0.7	7	t	0.999999999999906
60	0.7	7	t	0.999999999999906
90	0.7	7	t	0.999499999999906
150	0.7	7	t	0.892199999999918
1	1	7	t	0.999999999999906
3	1	7	t	0.999999999999906
7	1	7	t	0.999999999999906
14	1	7	t	0.999999999999906
21	1	7	t	0.999999999999906
30	1	7	t	0.999999999999906
60	1	7	t	0.999999999999906
90	1	7	t	0.999999999999906
150	1	7	t	0.980599999999908
1	1.5	7	t	0.999999999999906
3	1.5	7	t	0.999999999999906
7	1.5	7	t	0.999999999999906
14	1.5	7	t	0.999999999999906
21	1.5	7	t	0.999999999999906
30	1.5	7	t	0.999999999999906
60	1.5	7	t	0.999999999999906
90	1.5	7	t	0.999999999999906
150	1.5	7	t	0.998499999999906
1	2	7	t	0.999999999999906
3	2	7	t	0.999999999999906
7	2	7	t	0.999999999999906
14	2	7	t	0.999999999999906
21	2	7	t	0.999999999999906
30	2	7	t	0.999999999999906
60	2	7	t	0.999999999999906
90	2	7	t	0.999999999999906
150	2	7	t	0.999899999999906
1	0.00958904109589041	14	t	0.210499999999993
3	0.00958904109589041	14	t	0.553199999999955
7	0.00958904109589041	14	t	0.211099999999993
14	0.00958904109589041	14	t	0.0992000000000018
21	0.00958904109589041	14	t	0.0653000000000008
30	0.00958904109589041	14	t	0.0598000000000007
60	0.00958904109589041	14	t	0.0497000000000004
90	0.00958904109589041	14	t	0.0491000000000004
150	0.00958904109589041	14	t	0.0462000000000003
1	0.0191780821917808	14	t	0.203399999999994
3	0.0191780821917808	14	t	0.87059999999992
7	0.0191780821917808	14	t	0.622699999999948
14	0.0191780821917808	14	t	0.24089999999999
21	0.0191780821917808	14	t	0.135800000000001
30	0.0191780821917808	14	t	0.0940000000000017
60	0.0191780821917808	14	t	0.0596000000000007
90	0.0191780821917808	14	t	0.0542000000000005
150	0.0191780821917808	14	t	0.0542000000000005
1	0.0383561643835616	14	t	0.999999999999906
3	0.0383561643835616	14	t	0.999999999999906
7	0.0383561643835616	14	t	0.993999999999907
14	0.0383561643835616	14	t	0.698999999999939
21	0.0383561643835616	14	t	0.400499999999972
30	0.0383561643835616	14	t	0.227099999999991
60	0.0383561643835616	14	t	0.0881000000000015
90	0.0383561643835616	14	t	0.071400000000001
150	0.0383561643835616	14	t	0.0539000000000005
1	0.0575342465753425	14	t	0.999999999999906
3	0.0575342465753425	14	t	0.999999999999906
7	0.0575342465753425	14	t	0.999999999999906
14	0.0575342465753425	14	t	0.959199999999911
21	0.0575342465753425	14	t	0.711899999999938
30	0.0575342465753425	14	t	0.430399999999969
60	0.0575342465753425	14	t	0.1456
90	0.0575342465753425	14	t	0.0942000000000017
150	0.0575342465753425	14	t	0.0620000000000007
1	0.0821917808219178	14	t	0.999999999999906
3	0.0821917808219178	14	t	0.999999999999906
7	0.0821917808219178	14	t	0.999999999999906
14	0.0821917808219178	14	t	0.999499999999906
21	0.0821917808219178	14	t	0.942599999999913
30	0.0821917808219178	14	t	0.708599999999938
60	0.0821917808219178	14	t	0.249499999999989
90	0.0821917808219178	14	t	0.132200000000002
150	0.0821917808219178	14	t	0.0823000000000013
1	0.1	14	t	0.999999999999906
3	0.1	14	t	0.999999999999906
7	0.1	14	t	0.999999999999906
14	0.1	14	t	0.999999999999906
21	0.1	14	t	0.989399999999907
30	0.1	14	t	0.857799999999922
60	0.1	14	t	0.33109999999998
90	0.1	14	t	0.181399999999996
150	0.1	14	t	0.0961000000000017
1	0.3	14	t	0.999999999999906
3	0.3	14	t	0.999999999999906
7	0.3	14	t	0.999999999999906
14	0.3	14	t	0.999999999999906
21	0.3	14	t	0.999999999999906
30	0.3	14	t	0.999999999999906
60	0.3	14	t	0.986899999999908
90	0.3	14	t	0.790599999999929
150	0.3	14	t	0.383499999999974
1	0.5	14	t	0.999999999999906
3	0.5	14	t	0.999999999999906
7	0.5	14	t	0.999999999999906
14	0.5	14	t	0.999999999999906
21	0.5	14	t	0.999999999999906
30	0.5	14	t	0.999999999999906
60	0.5	14	t	0.999999999999906
90	0.5	14	t	0.986999999999908
150	0.5	14	t	0.722699999999937
1	0.7	14	t	0.999999999999906
3	0.7	14	t	0.999999999999906
7	0.7	14	t	0.999999999999906
14	0.7	14	t	0.999999999999906
21	0.7	14	t	0.999999999999906
30	0.7	14	t	0.999999999999906
60	0.7	14	t	0.999999999999906
90	0.7	14	t	0.999199999999906
150	0.7	14	t	0.888399999999918
1	1	14	t	0.999999999999906
3	1	14	t	0.999999999999906
7	1	14	t	0.999999999999906
14	1	14	t	0.999999999999906
21	1	14	t	0.999999999999906
30	1	14	t	0.999999999999906
60	1	14	t	0.999999999999906
90	1	14	t	0.999999999999906
150	1	14	t	0.978399999999909
1	1.5	14	t	0.999999999999906
3	1.5	14	t	0.999999999999906
7	1.5	14	t	0.999999999999906
14	1.5	14	t	0.999999999999906
21	1.5	14	t	0.999999999999906
30	1.5	14	t	0.999999999999906
60	1.5	14	t	0.999999999999906
90	1.5	14	t	0.999999999999906
150	1.5	14	t	0.998199999999906
1	2	14	t	0.999999999999906
3	2	14	t	0.999999999999906
7	2	14	t	0.999999999999906
14	2	14	t	0.999999999999906
21	2	14	t	0.999999999999906
30	2	14	t	0.999999999999906
60	2	14	t	0.999999999999906
90	2	14	t	0.999999999999906
150	2	14	t	0.999799999999906
1	0.00958904109589041	21	t	0
3	0.00958904109589041	21	t	0
7	0.00958904109589041	21	t	0.1448
14	0.00958904109589041	21	t	0.0878000000000015
21	0.00958904109589041	21	t	0.0746000000000011
30	0.00958904109589041	21	t	0.0618000000000007
60	0.00958904109589041	21	t	0.0526000000000005
90	0.00958904109589041	21	t	0.0501000000000004
150	0.00958904109589041	21	t	0.0516000000000005
1	0.0191780821917808	21	t	0
3	0.0191780821917808	21	t	9e-04
7	0.0191780821917808	21	t	0.444799999999967
14	0.0191780821917808	21	t	0.221199999999992
21	0.0191780821917808	21	t	0.130700000000002
30	0.0191780821917808	21	t	0.0935000000000017
60	0.0191780821917808	21	t	0.0595000000000007
90	0.0191780821917808	21	t	0.0506000000000004
150	0.0191780821917808	21	t	0.0496000000000004
1	0.0383561643835616	21	t	0.999999999999906
3	0.0383561643835616	21	t	0.999499999999906
7	0.0383561643835616	21	t	0.976699999999909
14	0.0383561643835616	21	t	0.671299999999942
21	0.0383561643835616	21	t	0.377399999999975
30	0.0383561643835616	21	t	0.220699999999992
60	0.0383561643835616	21	t	0.0941000000000017
90	0.0383561643835616	21	t	0.0688000000000009
150	0.0383561643835616	21	t	0.0543000000000005
1	0.0575342465753425	21	t	0.999999999999906
3	0.0575342465753425	21	t	0.999999999999906
7	0.0575342465753425	21	t	0.999999999999906
14	0.0575342465753425	21	t	0.944499999999912
21	0.0575342465753425	21	t	0.69079999999994
30	0.0575342465753425	21	t	0.426999999999969
60	0.0575342465753425	21	t	0.1445
90	0.0575342465753425	21	t	0.0919000000000016
150	0.0575342465753425	21	t	0.0642000000000008
1	0.0821917808219178	21	t	0.999999999999906
3	0.0821917808219178	21	t	0.999999999999906
7	0.0821917808219178	21	t	0.999999999999906
14	0.0821917808219178	21	t	0.998799999999906
21	0.0821917808219178	21	t	0.936699999999913
30	0.0821917808219178	21	t	0.698199999999939
60	0.0821917808219178	21	t	0.23669999999999
90	0.0821917808219178	21	t	0.130100000000002
150	0.0821917808219178	21	t	0.0772000000000012
1	0.1	21	t	0.999999999999906
3	0.1	21	t	0.999999999999906
7	0.1	21	t	0.999999999999906
14	0.1	21	t	0.999999999999906
21	0.1	21	t	0.988799999999907
30	0.1	21	t	0.845399999999923
60	0.1	21	t	0.32909999999998
90	0.1	21	t	0.174799999999997
150	0.1	21	t	0.0941000000000017
1	0.3	21	t	0.999999999999906
3	0.3	21	t	0.999999999999906
7	0.3	21	t	0.999999999999906
14	0.3	21	t	0.999999999999906
21	0.3	21	t	0.999999999999906
30	0.3	21	t	0.999999999999906
60	0.3	21	t	0.986499999999908
90	0.3	21	t	0.789399999999929
150	0.3	21	t	0.385299999999974
1	0.5	21	t	0.999999999999906
3	0.5	21	t	0.999999999999906
7	0.5	21	t	0.999999999999906
14	0.5	21	t	0.999999999999906
21	0.5	21	t	0.999999999999906
30	0.5	21	t	0.999999999999906
60	0.5	21	t	0.999999999999906
90	0.5	21	t	0.985699999999908
150	0.5	21	t	0.706599999999938
1	0.7	21	t	0.999999999999906
3	0.7	21	t	0.999999999999906
7	0.7	21	t	0.999999999999906
14	0.7	21	t	0.999999999999906
21	0.7	21	t	0.999999999999906
30	0.7	21	t	0.999999999999906
60	0.7	21	t	0.999999999999906
90	0.7	21	t	0.999499999999906
150	0.7	21	t	0.892199999999918
1	1	21	t	0.999999999999906
3	1	21	t	0.999999999999906
7	1	21	t	0.999999999999906
14	1	21	t	0.999999999999906
21	1	21	t	0.999999999999906
30	1	21	t	0.999999999999906
60	1	21	t	0.999999999999906
90	1	21	t	0.999999999999906
150	1	21	t	0.980099999999908
1	1.5	21	t	0.999999999999906
3	1.5	21	t	0.999999999999906
7	1.5	21	t	0.999999999999906
14	1.5	21	t	0.999999999999906
21	1.5	21	t	0.999999999999906
30	1.5	21	t	0.999999999999906
60	1.5	21	t	0.999999999999906
90	1.5	21	t	0.999999999999906
150	1.5	21	t	0.998499999999906
1	2	21	t	0.999999999999906
3	2	21	t	0.999999999999906
7	2	21	t	0.999999999999906
14	2	21	t	0.999999999999906
21	2	21	t	0.999999999999906
30	2	21	t	0.999999999999906
60	2	21	t	0.999999999999906
90	2	21	t	0.999999999999906
150	2	21	t	0.999899999999906
1	0.00958904109589041	30	t	0
3	0.00958904109589041	30	t	0.0039
7	0.00958904109589041	30	t	0.128600000000002
14	0.00958904109589041	30	t	0.0876000000000015
21	0.00958904109589041	30	t	0.069500000000001
30	0.00958904109589041	30	t	0.0554000000000006
60	0.00958904109589041	30	t	0.0514000000000004
90	0.00958904109589041	30	t	0.0523000000000005
150	0.00958904109589041	30	t	0.0494000000000004
1	0.0191780821917808	30	t	0
3	0.0191780821917808	30	t	0.0048
7	0.0191780821917808	30	t	0.303299999999983
14	0.0191780821917808	30	t	0.203699999999994
21	0.0191780821917808	30	t	0.125800000000002
30	0.0191780821917808	30	t	0.0862000000000014
60	0.0191780821917808	30	t	0.0620000000000007
90	0.0191780821917808	30	t	0.0579000000000006
150	0.0191780821917808	30	t	0.0507000000000004
1	0.0383561643835616	30	t	0
3	0.0383561643835616	30	t	0.0056
7	0.0383561643835616	30	t	0.664099999999943
14	0.0383561643835616	30	t	0.588599999999951
21	0.0383561643835616	30	t	0.355199999999977
30	0.0383561643835616	30	t	0.203699999999994
60	0.0383561643835616	30	t	0.0932000000000016
90	0.0383561643835616	30	t	0.0663000000000009
150	0.0383561643835616	30	t	0.0568000000000006
1	0.0575342465753425	30	t	0
3	0.0575342465753425	30	t	0.187499999999996
7	0.0575342465753425	30	t	0.975799999999909
14	0.0575342465753425	30	t	0.896299999999918
21	0.0575342465753425	30	t	0.664999999999943
30	0.0575342465753425	30	t	0.403999999999972
60	0.0575342465753425	30	t	0.1465
90	0.0575342465753425	30	t	0.0911000000000016
150	0.0575342465753425	30	t	0.0644000000000008
1	0.0821917808219178	30	t	0.999999999999906
3	0.0821917808219178	30	t	0.999999999999906
7	0.0821917808219178	30	t	0.999999999999906
14	0.0821917808219178	30	t	0.995799999999907
21	0.0821917808219178	30	t	0.915699999999915
30	0.0821917808219178	30	t	0.683299999999941
60	0.0821917808219178	30	t	0.233399999999991
90	0.0821917808219178	30	t	0.130500000000002
150	0.0821917808219178	30	t	0.0802000000000013
1	0.1	30	t	0.999999999999906
3	0.1	30	t	0.999999999999906
7	0.1	30	t	0.999999999999906
14	0.1	30	t	0.999999999999906
21	0.1	30	t	0.982299999999908
30	0.1	30	t	0.837699999999924
60	0.1	30	t	0.32669999999998
90	0.1	30	t	0.179599999999997
150	0.1	30	t	0.0924000000000016
1	0.3	30	t	0.999999999999906
3	0.3	30	t	0.999999999999906
7	0.3	30	t	0.999999999999906
14	0.3	30	t	0.999999999999906
21	0.3	30	t	0.999999999999906
30	0.3	30	t	0.999999999999906
60	0.3	30	t	0.984899999999908
90	0.3	30	t	0.78599999999993
150	0.3	30	t	0.380199999999974
1	0.5	30	t	0.999999999999906
3	0.5	30	t	0.999999999999906
7	0.5	30	t	0.999999999999906
14	0.5	30	t	0.999999999999906
21	0.5	30	t	0.999999999999906
30	0.5	30	t	0.999999999999906
60	0.5	30	t	0.999999999999906
90	0.5	30	t	0.987099999999908
150	0.5	30	t	0.698599999999939
1	0.7	30	t	0.999999999999906
3	0.7	30	t	0.999999999999906
7	0.7	30	t	0.999999999999906
14	0.7	30	t	0.999999999999906
21	0.7	30	t	0.999999999999906
30	0.7	30	t	0.999999999999906
60	0.7	30	t	0.999999999999906
90	0.7	30	t	0.999599999999906
150	0.7	30	t	0.891999999999918
1	1	30	t	0.999999999999906
3	1	30	t	0.999999999999906
7	1	30	t	0.999999999999906
14	1	30	t	0.999999999999906
21	1	30	t	0.999999999999906
30	1	30	t	0.999999999999906
60	1	30	t	0.999999999999906
90	1	30	t	0.999999999999906
150	1	30	t	0.978699999999909
1	1.5	30	t	0.999999999999906
3	1.5	30	t	0.999999999999906
7	1.5	30	t	0.999999999999906
14	1.5	30	t	0.999999999999906
21	1.5	30	t	0.999999999999906
30	1.5	30	t	0.999999999999906
60	1.5	30	t	0.999999999999906
90	1.5	30	t	0.999999999999906
150	1.5	30	t	0.998899999999906
1	2	30	t	0.999999999999906
3	2	30	t	0.999999999999906
7	2	30	t	0.999999999999906
14	2	30	t	0.999999999999906
21	2	30	t	0.999999999999906
30	2	30	t	0.999999999999906
60	2	30	t	0.999999999999906
90	2	30	t	0.999999999999906
150	2	30	t	0.999699999999906
1	0.00958904109589041	60	t	0
3	0.00958904109589041	60	t	0.0048
7	0.00958904109589041	60	t	0.129200000000002
14	0.00958904109589041	60	t	0.0863000000000014
21	0.00958904109589041	60	t	0.0670000000000009
30	0.00958904109589041	60	t	0.0601000000000007
60	0.00958904109589041	60	t	0.0529000000000005
90	0.00958904109589041	60	t	0.0481000000000004
150	0.00958904109589041	60	t	0.0481000000000004
1	0.0191780821917808	60	t	0
3	0.0191780821917808	60	t	0.0036
7	0.0191780821917808	60	t	0.287499999999985
14	0.0191780821917808	60	t	0.176899999999997
21	0.0191780821917808	60	t	0.114400000000002
30	0.0191780821917808	60	t	0.0798000000000013
60	0.0191780821917808	60	t	0.0587000000000007
90	0.0191780821917808	60	t	0.0532000000000005
150	0.0191780821917808	60	t	0.0527000000000005
1	0.0383561643835616	60	t	0
3	0.0383561643835616	60	t	0.0054
7	0.0383561643835616	60	t	0.467699999999965
14	0.0383561643835616	60	t	0.441299999999968
21	0.0383561643835616	60	t	0.281699999999985
30	0.0383561643835616	60	t	0.178299999999997
60	0.0383561643835616	60	t	0.0864000000000014
90	0.0383561643835616	60	t	0.0632000000000008
150	0.0383561643835616	60	t	0.0557000000000006
1	0.0575342465753425	60	t	0
3	0.0575342465753425	60	t	0.0044
7	0.0575342465753425	60	t	0.498899999999961
14	0.0575342465753425	60	t	0.667199999999943
21	0.0575342465753425	60	t	0.51179999999996
30	0.0575342465753425	60	t	0.342299999999979
60	0.0575342465753425	60	t	0.130800000000002
90	0.0575342465753425	60	t	0.0881000000000015
150	0.0575342465753425	60	t	0.0621000000000008
1	0.0821917808219178	60	t	0
3	0.0821917808219178	60	t	0.0046
7	0.0821917808219178	60	t	0.493499999999962
14	0.0821917808219178	60	t	0.860099999999922
21	0.0821917808219178	60	t	0.78059999999993
30	0.0821917808219178	60	t	0.593499999999951
60	0.0821917808219178	60	t	0.221299999999992
90	0.0821917808219178	60	t	0.127400000000002
150	0.0821917808219178	60	t	0.0755000000000011
1	0.1	60	t	0
3	0.1	60	t	0.0039
7	0.1	60	t	0.516899999999959
14	0.1	60	t	0.944899999999912
21	0.1	60	t	0.907299999999916
30	0.1	60	t	0.755999999999933
60	0.1	60	t	0.321699999999981
90	0.1	60	t	0.164199999999998
150	0.1	60	t	0.0897000000000015
1	0.3	60	t	0.999999999999906
3	0.3	60	t	0.999999999999906
7	0.3	60	t	0.999999999999906
14	0.3	60	t	0.999999999999906
21	0.3	60	t	0.999999999999906
30	0.3	60	t	0.999999999999906
60	0.3	60	t	0.980799999999908
90	0.3	60	t	0.774699999999931
150	0.3	60	t	0.378399999999975
1	0.5	60	t	0.999999999999906
3	0.5	60	t	0.999999999999906
7	0.5	60	t	0.999999999999906
14	0.5	60	t	0.999999999999906
21	0.5	60	t	0.999999999999906
30	0.5	60	t	0.999999999999906
60	0.5	60	t	0.999999999999906
90	0.5	60	t	0.982899999999908
150	0.5	60	t	0.711299999999938
1	0.7	60	t	0.999999999999906
3	0.7	60	t	0.999999999999906
7	0.7	60	t	0.999999999999906
14	0.7	60	t	0.999999999999906
21	0.7	60	t	0.999999999999906
30	0.7	60	t	0.999999999999906
60	0.7	60	t	0.999999999999906
90	0.7	60	t	0.999699999999906
150	0.7	60	t	0.891299999999918
1	1	60	t	0.999999999999906
3	1	60	t	0.999999999999906
7	1	60	t	0.999999999999906
14	1	60	t	0.999999999999906
21	1	60	t	0.999999999999906
30	1	60	t	0.999999999999906
60	1	60	t	0.999999999999906
90	1	60	t	0.999999999999906
150	1	60	t	0.978499999999909
1	1.5	60	t	0.999999999999906
3	1.5	60	t	0.999999999999906
7	1.5	60	t	0.999999999999906
14	1.5	60	t	0.999999999999906
21	1.5	60	t	0.999999999999906
30	1.5	60	t	0.999999999999906
60	1.5	60	t	0.999999999999906
90	1.5	60	t	0.999999999999906
150	1.5	60	t	0.998699999999906
1	2	60	t	0.999999999999906
3	2	60	t	0.999999999999906
7	2	60	t	0.999999999999906
14	2	60	t	0.999999999999906
21	2	60	t	0.999999999999906
30	2	60	t	0.999999999999906
60	2	60	t	0.999999999999906
90	2	60	t	0.999999999999906
150	2	60	t	0.999999999999906
1	0.00958904109589041	90	t	0
3	0.00958904109589041	90	t	0.0046
7	0.00958904109589041	90	t	0.132600000000002
14	0.00958904109589041	90	t	0.0818000000000013
21	0.00958904109589041	90	t	0.0617000000000007
30	0.00958904109589041	90	t	0.0531000000000005
60	0.00958904109589041	90	t	0.0534000000000005
90	0.00958904109589041	90	t	0.0456000000000003
150	0.00958904109589041	90	t	0.0481000000000004
1	0.0191780821917808	90	t	0
3	0.0191780821917808	90	t	0.0057
7	0.0191780821917808	90	t	0.288899999999985
14	0.0191780821917808	90	t	0.176999999999997
21	0.0191780821917808	90	t	0.106000000000002
30	0.0191780821917808	90	t	0.0791000000000012
60	0.0191780821917808	90	t	0.0571000000000006
90	0.0191780821917808	90	t	0.0508000000000004
150	0.0191780821917808	90	t	0.0514000000000004
1	0.0383561643835616	90	t	0
3	0.0383561643835616	90	t	0.0037
7	0.0383561643835616	90	t	0.469299999999965
14	0.0383561643835616	90	t	0.434199999999969
21	0.0383561643835616	90	t	0.258399999999988
30	0.0383561643835616	90	t	0.165899999999998
60	0.0383561643835616	90	t	0.0887000000000015
90	0.0383561643835616	90	t	0.0635000000000008
150	0.0383561643835616	90	t	0.0544000000000005
1	0.0575342465753425	90	t	0
3	0.0575342465753425	90	t	0.0051
7	0.0575342465753425	90	t	0.491399999999962
14	0.0575342465753425	90	t	0.643599999999945
21	0.0575342465753425	90	t	0.452699999999966
30	0.0575342465753425	90	t	0.293499999999984
60	0.0575342465753425	90	t	0.129000000000002
90	0.0575342465753425	90	t	0.0846000000000014
150	0.0575342465753425	90	t	0.0639000000000008
1	0.0821917808219178	90	t	0
3	0.0821917808219178	90	t	0.0051
7	0.0821917808219178	90	t	0.492799999999962
14	0.0821917808219178	90	t	0.78499999999993
21	0.0821917808219178	90	t	0.670899999999942
30	0.0821917808219178	90	t	0.499099999999961
60	0.0821917808219178	90	t	0.216499999999992
90	0.0821917808219178	90	t	0.127700000000002
150	0.0821917808219178	90	t	0.0783000000000012
1	0.1	90	t	0
3	0.1	90	t	0.0045
7	0.1	90	t	0.493299999999962
14	0.1	90	t	0.827199999999925
21	0.1	90	t	0.78619999999993
30	0.1	90	t	0.640899999999946
60	0.1	90	t	0.294899999999984
90	0.1	90	t	0.160199999999999
150	0.1	90	t	0.0939000000000017
1	0.3	90	t	0.999999999999906
3	0.3	90	t	0.999999999999906
7	0.3	90	t	0.999999999999906
14	0.3	90	t	0.999999999999906
21	0.3	90	t	0.999999999999906
30	0.3	90	t	0.999999999999906
60	0.3	90	t	0.974399999999909
90	0.3	90	t	0.771199999999931
150	0.3	90	t	0.372599999999975
1	0.5	90	t	0.999999999999906
3	0.5	90	t	0.999999999999906
7	0.5	90	t	0.999999999999906
14	0.5	90	t	0.999999999999906
21	0.5	90	t	0.999999999999906
30	0.5	90	t	0.999999999999906
60	0.5	90	t	0.999999999999906
90	0.5	90	t	0.984099999999908
150	0.5	90	t	0.69349999999994
1	0.7	90	t	0.999999999999906
3	0.7	90	t	0.999999999999906
7	0.7	90	t	0.999999999999906
14	0.7	90	t	0.999999999999906
21	0.7	90	t	0.999999999999906
30	0.7	90	t	0.999999999999906
60	0.7	90	t	0.999999999999906
90	0.7	90	t	0.999899999999906
150	0.7	90	t	0.887199999999919
1	1	90	t	0.999999999999906
3	1	90	t	0.999999999999906
7	1	90	t	0.999999999999906
14	1	90	t	0.999999999999906
21	1	90	t	0.999999999999906
30	1	90	t	0.999999999999906
60	1	90	t	0.999999999999906
90	1	90	t	0.999999999999906
150	1	90	t	0.980799999999908
1	1.5	90	t	0.999999999999906
3	1.5	90	t	0.999999999999906
7	1.5	90	t	0.999999999999906
14	1.5	90	t	0.999999999999906
21	1.5	90	t	0.999999999999906
30	1.5	90	t	0.999999999999906
60	1.5	90	t	0.999999999999906
90	1.5	90	t	0.999999999999906
150	1.5	90	t	0.998999999999906
1	2	90	t	0.999999999999906
3	2	90	t	0.999999999999906
7	2	90	t	0.999999999999906
14	2	90	t	0.999999999999906
21	2	90	t	0.999999999999906
30	2	90	t	0.999999999999906
60	2	90	t	0.999999999999906
90	2	90	t	0.999999999999906
150	2	90	t	0.999999999999906
1	0.00958904109589041	1	lrt	0.999999999999906
3	0.00958904109589041	1	lrt	0.828999999999925
7	0.00958904109589041	1	lrt	0.254499999999988
14	0.00958904109589041	1	lrt	0.106900000000002
21	0.00958904109589041	1	lrt	0.0823000000000013
30	0.00958904109589041	1	lrt	0.0726000000000011
60	0.00958904109589041	1	lrt	0.0616000000000007
90	0.00958904109589041	1	lrt	0.0615000000000007
150	0.00958904109589041	1	lrt	0.0584000000000006
1	0.0191780821917808	1	lrt	0.999999999999906
3	0.0191780821917808	1	lrt	0.999999999999906
7	0.0191780821917808	1	lrt	0.703499999999939
14	0.0191780821917808	1	lrt	0.257699999999988
21	0.0191780821917808	1	lrt	0.1474
30	0.0191780821917808	1	lrt	0.0986000000000018
60	0.0191780821917808	1	lrt	0.0751000000000011
90	0.0191780821917808	1	lrt	0.0649000000000008
150	0.0191780821917808	1	lrt	0.0608000000000007
1	0.0383561643835616	1	lrt	0.999999999999906
3	0.0383561643835616	1	lrt	0.999999999999906
7	0.0383561643835616	1	lrt	0.997699999999906
14	0.0383561643835616	1	lrt	0.702699999999939
21	0.0383561643835616	1	lrt	0.398799999999972
30	0.0383561643835616	1	lrt	0.244299999999989
60	0.0383561643835616	1	lrt	0.108400000000002
90	0.0383561643835616	1	lrt	0.0819000000000013
150	0.0383561643835616	1	lrt	0.0689000000000009
1	0.0575342465753425	1	lrt	0.999999999999906
3	0.0575342465753425	1	lrt	0.999999999999906
7	0.0575342465753425	1	lrt	0.999999999999906
14	0.0575342465753425	1	lrt	0.956699999999911
21	0.0575342465753425	1	lrt	0.701799999999939
30	0.0575342465753425	1	lrt	0.439799999999968
60	0.0575342465753425	1	lrt	0.162799999999998
90	0.0575342465753425	1	lrt	0.109200000000002
150	0.0575342465753425	1	lrt	0.0831000000000014
1	0.0821917808219178	1	lrt	0.999999999999906
3	0.0821917808219178	1	lrt	0.999999999999906
7	0.0821917808219178	1	lrt	0.999999999999906
14	0.0821917808219178	1	lrt	0.999799999999906
21	0.0821917808219178	1	lrt	0.934699999999913
30	0.0821917808219178	1	lrt	0.699399999999939
60	0.0821917808219178	1	lrt	0.268999999999987
90	0.0821917808219178	1	lrt	0.159299999999999
150	0.0821917808219178	1	lrt	0.0981000000000018
1	0.1	1	lrt	0.999999999999906
3	0.1	1	lrt	0.999999999999906
7	0.1	1	lrt	0.999999999999906
14	0.1	1	lrt	0.999999999999906
21	0.1	1	lrt	0.984599999999908
30	0.1	1	lrt	0.849099999999923
60	0.1	1	lrt	0.346299999999978
90	0.1	1	lrt	0.208899999999993
150	0.1	1	lrt	0.116800000000002
1	0.3	1	lrt	0.999999999999906
3	0.3	1	lrt	0.999999999999906
7	0.3	1	lrt	0.999999999999906
14	0.3	1	lrt	0.999999999999906
21	0.3	1	lrt	0.999999999999906
30	0.3	1	lrt	0.999999999999906
60	0.3	1	lrt	0.988499999999907
90	0.3	1	lrt	0.840199999999924
150	0.3	1	lrt	0.474499999999964
1	0.5	1	lrt	0.999999999999906
3	0.5	1	lrt	0.999999999999906
7	0.5	1	lrt	0.999999999999906
14	0.5	1	lrt	0.999999999999906
21	0.5	1	lrt	0.999999999999906
30	0.5	1	lrt	0.999999999999906
60	0.5	1	lrt	0.999999999999906
90	0.5	1	lrt	0.993999999999907
150	0.5	1	lrt	0.820599999999926
1	0.7	1	lrt	0.999999999999906
3	0.7	1	lrt	0.999999999999906
7	0.7	1	lrt	0.999999999999906
14	0.7	1	lrt	0.999999999999906
21	0.7	1	lrt	0.999999999999906
30	0.7	1	lrt	0.999999999999906
60	0.7	1	lrt	0.999999999999906
90	0.7	1	lrt	0.999799999999906
150	0.7	1	lrt	0.956399999999911
1	1	1	lrt	0.999999999999906
3	1	1	lrt	0.999999999999906
7	1	1	lrt	0.999999999999906
14	1	1	lrt	0.999999999999906
21	1	1	lrt	0.999999999999906
30	1	1	lrt	0.999999999999906
60	1	1	lrt	0.999999999999906
90	1	1	lrt	0.999999999999906
150	1	1	lrt	0.996099999999907
1	1.5	1	lrt	0.999999999999906
3	1.5	1	lrt	0.999999999999906
7	1.5	1	lrt	0.999999999999906
14	1.5	1	lrt	0.999999999999906
21	1.5	1	lrt	0.999999999999906
30	1.5	1	lrt	0.999999999999906
60	1.5	1	lrt	0.999999999999906
90	1.5	1	lrt	0.999999999999906
150	1.5	1	lrt	0.999999999999906
1	2	1	lrt	0.999999999999906
3	2	1	lrt	0.999999999999906
7	2	1	lrt	0.999999999999906
14	2	1	lrt	0.999999999999906
21	2	1	lrt	0.999999999999906
30	2	1	lrt	0.999999999999906
60	2	1	lrt	0.999999999999906
90	2	1	lrt	0.999999999999906
150	2	1	lrt	0.999999999999906
1	0.00958904109589041	7	lrt	0.220499999999992
3	0.00958904109589041	7	lrt	0.702799999999939
7	0.00958904109589041	7	lrt	0.24159999999999
14	0.00958904109589041	7	lrt	0.103400000000002
21	0.00958904109589041	7	lrt	0.0831000000000014
30	0.00958904109589041	7	lrt	0.070000000000001
60	0.00958904109589041	7	lrt	0.0648000000000008
90	0.00958904109589041	7	lrt	0.0612000000000007
150	0.00958904109589041	7	lrt	0.0573000000000006
1	0.0191780821917808	7	lrt	0.999999999999906
3	0.0191780821917808	7	lrt	0.998399999999906
7	0.0191780821917808	7	lrt	0.69399999999994
14	0.0191780821917808	7	lrt	0.256399999999988
21	0.0191780821917808	7	lrt	0.1461
30	0.0191780821917808	7	lrt	0.106500000000002
60	0.0191780821917808	7	lrt	0.070400000000001
90	0.0191780821917808	7	lrt	0.0651000000000008
150	0.0191780821917808	7	lrt	0.0646000000000008
1	0.0383561643835616	7	lrt	0.999999999999906
3	0.0383561643835616	7	lrt	0.999999999999906
7	0.0383561643835616	7	lrt	0.998099999999906
14	0.0383561643835616	7	lrt	0.711299999999938
21	0.0383561643835616	7	lrt	0.391799999999973
30	0.0383561643835616	7	lrt	0.230299999999991
60	0.0383561643835616	7	lrt	0.103200000000002
90	0.0383561643835616	7	lrt	0.0810000000000013
150	0.0383561643835616	7	lrt	0.0743000000000011
1	0.0575342465753425	7	lrt	0.999999999999906
3	0.0575342465753425	7	lrt	0.999999999999906
7	0.0575342465753425	7	lrt	0.999999999999906
14	0.0575342465753425	7	lrt	0.959699999999911
21	0.0575342465753425	7	lrt	0.705399999999939
30	0.0575342465753425	7	lrt	0.430599999999969
60	0.0575342465753425	7	lrt	0.161299999999999
90	0.0575342465753425	7	lrt	0.110300000000002
150	0.0575342465753425	7	lrt	0.0766000000000012
1	0.0821917808219178	7	lrt	0.999999999999906
3	0.0821917808219178	7	lrt	0.999999999999906
7	0.0821917808219178	7	lrt	0.999999999999906
14	0.0821917808219178	7	lrt	0.998899999999906
21	0.0821917808219178	7	lrt	0.940999999999913
30	0.0821917808219178	7	lrt	0.712299999999938
60	0.0821917808219178	7	lrt	0.270199999999987
90	0.0821917808219178	7	lrt	0.158699999999999
150	0.0821917808219178	7	lrt	0.0997000000000018
1	0.1	7	lrt	0.999999999999906
3	0.1	7	lrt	0.999999999999906
7	0.1	7	lrt	0.999999999999906
14	0.1	7	lrt	0.999999999999906
21	0.1	7	lrt	0.986999999999908
30	0.1	7	lrt	0.847599999999923
60	0.1	7	lrt	0.360999999999977
90	0.1	7	lrt	0.197899999999995
150	0.1	7	lrt	0.116800000000002
1	0.3	7	lrt	0.999999999999906
3	0.3	7	lrt	0.999999999999906
7	0.3	7	lrt	0.999999999999906
14	0.3	7	lrt	0.999999999999906
21	0.3	7	lrt	0.999999999999906
30	0.3	7	lrt	0.999999999999906
60	0.3	7	lrt	0.988299999999907
90	0.3	7	lrt	0.835699999999924
150	0.3	7	lrt	0.484799999999963
1	0.5	7	lrt	0.999999999999906
3	0.5	7	lrt	0.999999999999906
7	0.5	7	lrt	0.999999999999906
14	0.5	7	lrt	0.999999999999906
21	0.5	7	lrt	0.999999999999906
30	0.5	7	lrt	0.999999999999906
60	0.5	7	lrt	0.999999999999906
90	0.5	7	lrt	0.993599999999907
150	0.5	7	lrt	0.817999999999926
1	0.7	7	lrt	0.999999999999906
3	0.7	7	lrt	0.999999999999906
7	0.7	7	lrt	0.999999999999906
14	0.7	7	lrt	0.999999999999906
21	0.7	7	lrt	0.999999999999906
30	0.7	7	lrt	0.999999999999906
60	0.7	7	lrt	0.999999999999906
90	0.7	7	lrt	0.999999999999906
150	0.7	7	lrt	0.953099999999911
1	1	7	lrt	0.999999999999906
3	1	7	lrt	0.999999999999906
7	1	7	lrt	0.999999999999906
14	1	7	lrt	0.999999999999906
21	1	7	lrt	0.999999999999906
30	1	7	lrt	0.999999999999906
60	1	7	lrt	0.999999999999906
90	1	7	lrt	0.999999999999906
150	1	7	lrt	0.996799999999907
1	1.5	7	lrt	0.999999999999906
3	1.5	7	lrt	0.999999999999906
7	1.5	7	lrt	0.999999999999906
14	1.5	7	lrt	0.999999999999906
21	1.5	7	lrt	0.999999999999906
30	1.5	7	lrt	0.999999999999906
60	1.5	7	lrt	0.999999999999906
90	1.5	7	lrt	0.999999999999906
150	1.5	7	lrt	0.999999999999906
1	2	7	lrt	0.999999999999906
3	2	7	lrt	0.999999999999906
7	2	7	lrt	0.999999999999906
14	2	7	lrt	0.999999999999906
21	2	7	lrt	0.999999999999906
30	2	7	lrt	0.999999999999906
60	2	7	lrt	0.999999999999906
90	2	7	lrt	0.999999999999906
150	2	7	lrt	0.999999999999906
1	0.00958904109589041	14	lrt	0.205299999999994
3	0.00958904109589041	14	lrt	0.528899999999958
7	0.00958904109589041	14	lrt	0.192999999999995
14	0.00958904109589041	14	lrt	0.0950000000000017
21	0.00958904109589041	14	lrt	0.0750000000000011
30	0.00958904109589041	14	lrt	0.0648000000000008
60	0.00958904109589041	14	lrt	0.0622000000000008
90	0.00958904109589041	14	lrt	0.0643000000000008
150	0.00958904109589041	14	lrt	0.0566000000000006
1	0.0191780821917808	14	lrt	0.205499999999994
3	0.0191780821917808	14	lrt	0.87459999999992
7	0.0191780821917808	14	lrt	0.609799999999949
14	0.0191780821917808	14	lrt	0.243899999999989
21	0.0191780821917808	14	lrt	0.138900000000001
30	0.0191780821917808	14	lrt	0.0938000000000017
60	0.0191780821917808	14	lrt	0.0745000000000011
90	0.0191780821917808	14	lrt	0.0600000000000007
150	0.0191780821917808	14	lrt	0.0578000000000006
1	0.0383561643835616	14	lrt	0.999999999999906
3	0.0383561643835616	14	lrt	0.999999999999906
7	0.0383561643835616	14	lrt	0.995099999999907
14	0.0383561643835616	14	lrt	0.687399999999941
21	0.0383561643835616	14	lrt	0.388599999999974
30	0.0383561643835616	14	lrt	0.231099999999991
60	0.0383561643835616	14	lrt	0.112500000000002
90	0.0383561643835616	14	lrt	0.0796000000000013
150	0.0383561643835616	14	lrt	0.0668000000000009
1	0.0575342465753425	14	lrt	0.999999999999906
3	0.0575342465753425	14	lrt	0.999999999999906
7	0.0575342465753425	14	lrt	0.999999999999906
14	0.0575342465753425	14	lrt	0.955699999999911
21	0.0575342465753425	14	lrt	0.703399999999939
30	0.0575342465753425	14	lrt	0.429799999999969
60	0.0575342465753425	14	lrt	0.159699999999999
90	0.0575342465753425	14	lrt	0.106600000000002
150	0.0575342465753425	14	lrt	0.0793000000000012
1	0.0821917808219178	14	lrt	0.999999999999906
3	0.0821917808219178	14	lrt	0.999999999999906
7	0.0821917808219178	14	lrt	0.999999999999906
14	0.0821917808219178	14	lrt	0.999299999999906
21	0.0821917808219178	14	lrt	0.935999999999913
30	0.0821917808219178	14	lrt	0.702899999999939
60	0.0821917808219178	14	lrt	0.253899999999988
90	0.0821917808219178	14	lrt	0.1517
150	0.0821917808219178	14	lrt	0.0991000000000018
1	0.1	14	lrt	0.999999999999906
3	0.1	14	lrt	0.999999999999906
7	0.1	14	lrt	0.999999999999906
14	0.1	14	lrt	0.999999999999906
21	0.1	14	lrt	0.987699999999908
30	0.1	14	lrt	0.848899999999923
60	0.1	14	lrt	0.355299999999977
90	0.1	14	lrt	0.201299999999994
150	0.1	14	lrt	0.118500000000002
1	0.3	14	lrt	0.999999999999906
3	0.3	14	lrt	0.999999999999906
7	0.3	14	lrt	0.999999999999906
14	0.3	14	lrt	0.999999999999906
21	0.3	14	lrt	0.999999999999906
30	0.3	14	lrt	0.999999999999906
60	0.3	14	lrt	0.989999999999907
90	0.3	14	lrt	0.830499999999925
150	0.3	14	lrt	0.476099999999964
1	0.5	14	lrt	0.999999999999906
3	0.5	14	lrt	0.999999999999906
7	0.5	14	lrt	0.999999999999906
14	0.5	14	lrt	0.999999999999906
21	0.5	14	lrt	0.999999999999906
30	0.5	14	lrt	0.999999999999906
60	0.5	14	lrt	0.999999999999906
90	0.5	14	lrt	0.993199999999907
150	0.5	14	lrt	0.821199999999926
1	0.7	14	lrt	0.999999999999906
3	0.7	14	lrt	0.999999999999906
7	0.7	14	lrt	0.999999999999906
14	0.7	14	lrt	0.999999999999906
21	0.7	14	lrt	0.999999999999906
30	0.7	14	lrt	0.999999999999906
60	0.7	14	lrt	0.999999999999906
90	0.7	14	lrt	0.999899999999906
150	0.7	14	lrt	0.955199999999911
1	1	14	lrt	0.999999999999906
3	1	14	lrt	0.999999999999906
7	1	14	lrt	0.999999999999906
14	1	14	lrt	0.999999999999906
21	1	14	lrt	0.999999999999906
30	1	14	lrt	0.999999999999906
60	1	14	lrt	0.999999999999906
90	1	14	lrt	0.999999999999906
150	1	14	lrt	0.995099999999907
1	1.5	14	lrt	0.999999999999906
3	1.5	14	lrt	0.999999999999906
7	1.5	14	lrt	0.999999999999906
14	1.5	14	lrt	0.999999999999906
21	1.5	14	lrt	0.999999999999906
30	1.5	14	lrt	0.999999999999906
60	1.5	14	lrt	0.999999999999906
90	1.5	14	lrt	0.999999999999906
150	1.5	14	lrt	0.999799999999906
1	2	14	lrt	0.999999999999906
3	2	14	lrt	0.999999999999906
7	2	14	lrt	0.999999999999906
14	2	14	lrt	0.999999999999906
21	2	14	lrt	0.999999999999906
30	2	14	lrt	0.999999999999906
60	2	14	lrt	0.999999999999906
90	2	14	lrt	0.999999999999906
150	2	14	lrt	0.999999999999906
1	0.00958904109589041	21	lrt	0
3	0.00958904109589041	21	lrt	0
7	0.00958904109589041	21	lrt	0.142600000000001
14	0.00958904109589041	21	lrt	0.0938000000000017
21	0.00958904109589041	21	lrt	0.070800000000001
30	0.00958904109589041	21	lrt	0.0626000000000008
60	0.00958904109589041	21	lrt	0.0614000000000007
90	0.00958904109589041	21	lrt	0.0574000000000006
150	0.00958904109589041	21	lrt	0.0577000000000006
1	0.0191780821917808	21	lrt	0
3	0.0191780821917808	21	lrt	6e-04
7	0.0191780821917808	21	lrt	0.450099999999967
14	0.0191780821917808	21	lrt	0.214399999999993
21	0.0191780821917808	21	lrt	0.132800000000002
30	0.0191780821917808	21	lrt	0.0987000000000018
60	0.0191780821917808	21	lrt	0.070300000000001
90	0.0191780821917808	21	lrt	0.0619000000000007
150	0.0191780821917808	21	lrt	0.0633000000000008
1	0.0383561643835616	21	lrt	0.999999999999906
3	0.0383561643835616	21	lrt	0.998399999999906
7	0.0383561643835616	21	lrt	0.974999999999909
14	0.0383561643835616	21	lrt	0.667899999999943
21	0.0383561643835616	21	lrt	0.388399999999974
30	0.0383561643835616	21	lrt	0.227099999999991
60	0.0383561643835616	21	lrt	0.103400000000002
90	0.0383561643835616	21	lrt	0.0764000000000012
150	0.0383561643835616	21	lrt	0.070900000000001
1	0.0575342465753425	21	lrt	0.999999999999906
3	0.0575342465753425	21	lrt	0.999999999999906
7	0.0575342465753425	21	lrt	0.999999999999906
14	0.0575342465753425	21	lrt	0.943899999999912
21	0.0575342465753425	21	lrt	0.687299999999941
30	0.0575342465753425	21	lrt	0.425299999999969
60	0.0575342465753425	21	lrt	0.152899999999999
90	0.0575342465753425	21	lrt	0.109100000000002
150	0.0575342465753425	21	lrt	0.0760000000000011
1	0.0821917808219178	21	lrt	0.999999999999906
3	0.0821917808219178	21	lrt	0.999999999999906
7	0.0821917808219178	21	lrt	0.999999999999906
14	0.0821917808219178	21	lrt	0.998699999999906
21	0.0821917808219178	21	lrt	0.937599999999913
30	0.0821917808219178	21	lrt	0.702599999999939
60	0.0821917808219178	21	lrt	0.256099999999988
90	0.0821917808219178	21	lrt	0.154599999999999
150	0.0821917808219178	21	lrt	0.0955000000000017
1	0.1	21	lrt	0.999999999999906
3	0.1	21	lrt	0.999999999999906
7	0.1	21	lrt	0.999999999999906
14	0.1	21	lrt	0.999999999999906
21	0.1	21	lrt	0.985199999999908
30	0.1	21	lrt	0.848799999999923
60	0.1	21	lrt	0.358299999999977
90	0.1	21	lrt	0.199599999999994
150	0.1	21	lrt	0.112400000000002
1	0.3	21	lrt	0.999999999999906
3	0.3	21	lrt	0.999999999999906
7	0.3	21	lrt	0.999999999999906
14	0.3	21	lrt	0.999999999999906
21	0.3	21	lrt	0.999999999999906
30	0.3	21	lrt	0.999999999999906
60	0.3	21	lrt	0.987399999999908
90	0.3	21	lrt	0.832099999999925
150	0.3	21	lrt	0.480199999999963
1	0.5	21	lrt	0.999999999999906
3	0.5	21	lrt	0.999999999999906
7	0.5	21	lrt	0.999999999999906
14	0.5	21	lrt	0.999999999999906
21	0.5	21	lrt	0.999999999999906
30	0.5	21	lrt	0.999999999999906
60	0.5	21	lrt	0.999999999999906
90	0.5	21	lrt	0.992799999999907
150	0.5	21	lrt	0.809599999999927
1	0.7	21	lrt	0.999999999999906
3	0.7	21	lrt	0.999999999999906
7	0.7	21	lrt	0.999999999999906
14	0.7	21	lrt	0.999999999999906
21	0.7	21	lrt	0.999999999999906
30	0.7	21	lrt	0.999999999999906
60	0.7	21	lrt	0.999999999999906
90	0.7	21	lrt	0.999899999999906
150	0.7	21	lrt	0.956299999999911
1	1	21	lrt	0.999999999999906
3	1	21	lrt	0.999999999999906
7	1	21	lrt	0.999999999999906
14	1	21	lrt	0.999999999999906
21	1	21	lrt	0.999999999999906
30	1	21	lrt	0.999999999999906
60	1	21	lrt	0.999999999999906
90	1	21	lrt	0.999999999999906
150	1	21	lrt	0.995299999999907
1	1.5	21	lrt	0.999999999999906
3	1.5	21	lrt	0.999999999999906
7	1.5	21	lrt	0.999999999999906
14	1.5	21	lrt	0.999999999999906
21	1.5	21	lrt	0.999999999999906
30	1.5	21	lrt	0.999999999999906
60	1.5	21	lrt	0.999999999999906
90	1.5	21	lrt	0.999999999999906
150	1.5	21	lrt	0.999899999999906
1	2	21	lrt	0.999999999999906
3	2	21	lrt	0.999999999999906
7	2	21	lrt	0.999999999999906
14	2	21	lrt	0.999999999999906
21	2	21	lrt	0.999999999999906
30	2	21	lrt	0.999999999999906
60	2	21	lrt	0.999999999999906
90	2	21	lrt	0.999999999999906
150	2	21	lrt	0.999999999999906
1	0.00958904109589041	30	lrt	0
3	0.00958904109589041	30	lrt	0.0044
7	0.00958904109589041	30	lrt	0.127200000000002
14	0.00958904109589041	30	lrt	0.0832000000000014
21	0.00958904109589041	30	lrt	0.070000000000001
30	0.00958904109589041	30	lrt	0.0538000000000005
60	0.00958904109589041	30	lrt	0.0600000000000007
90	0.00958904109589041	30	lrt	0.0546000000000005
150	0.00958904109589041	30	lrt	0.0571000000000006
1	0.0191780821917808	30	lrt	0
3	0.0191780821917808	30	lrt	0.0056
7	0.0191780821917808	30	lrt	0.306499999999983
14	0.0191780821917808	30	lrt	0.193399999999995
21	0.0191780821917808	30	lrt	0.126000000000002
30	0.0191780821917808	30	lrt	0.0871000000000015
60	0.0191780821917808	30	lrt	0.0626000000000008
90	0.0191780821917808	30	lrt	0.0587000000000007
150	0.0191780821917808	30	lrt	0.0586000000000007
1	0.0383561643835616	30	lrt	0
3	0.0383561643835616	30	lrt	0.0049
7	0.0383561643835616	30	lrt	0.671499999999942
14	0.0383561643835616	30	lrt	0.589899999999951
21	0.0383561643835616	30	lrt	0.360799999999977
30	0.0383561643835616	30	lrt	0.218099999999992
60	0.0383561643835616	30	lrt	0.101100000000002
90	0.0383561643835616	30	lrt	0.0754000000000011
150	0.0383561643835616	30	lrt	0.0650000000000008
1	0.0575342465753425	30	lrt	0
3	0.0575342465753425	30	lrt	0.189499999999995
7	0.0575342465753425	30	lrt	0.977599999999909
14	0.0575342465753425	30	lrt	0.904999999999917
21	0.0575342465753425	30	lrt	0.650599999999945
30	0.0575342465753425	30	lrt	0.411499999999971
60	0.0575342465753425	30	lrt	0.159299999999999
90	0.0575342465753425	30	lrt	0.110600000000002
150	0.0575342465753425	30	lrt	0.0806000000000013
1	0.0821917808219178	30	lrt	0.999999999999906
3	0.0821917808219178	30	lrt	0.999999999999906
7	0.0821917808219178	30	lrt	0.999999999999906
14	0.0821917808219178	30	lrt	0.996099999999907
21	0.0821917808219178	30	lrt	0.920199999999915
30	0.0821917808219178	30	lrt	0.688299999999941
60	0.0821917808219178	30	lrt	0.259799999999988
90	0.0821917808219178	30	lrt	0.1516
150	0.0821917808219178	30	lrt	0.0952000000000017
1	0.1	30	lrt	0.999999999999906
3	0.1	30	lrt	0.999999999999906
7	0.1	30	lrt	0.999999999999906
14	0.1	30	lrt	0.999999999999906
21	0.1	30	lrt	0.981399999999908
30	0.1	30	lrt	0.839699999999924
60	0.1	30	lrt	0.341599999999979
90	0.1	30	lrt	0.196999999999995
150	0.1	30	lrt	0.117200000000002
1	0.3	30	lrt	0.999999999999906
3	0.3	30	lrt	0.999999999999906
7	0.3	30	lrt	0.999999999999906
14	0.3	30	lrt	0.999999999999906
21	0.3	30	lrt	0.999999999999906
30	0.3	30	lrt	0.999999999999906
60	0.3	30	lrt	0.987699999999908
90	0.3	30	lrt	0.830899999999925
150	0.3	30	lrt	0.468899999999965
1	0.5	30	lrt	0.999999999999906
3	0.5	30	lrt	0.999999999999906
7	0.5	30	lrt	0.999999999999906
14	0.5	30	lrt	0.999999999999906
21	0.5	30	lrt	0.999999999999906
30	0.5	30	lrt	0.999999999999906
60	0.5	30	lrt	0.999999999999906
90	0.5	30	lrt	0.994199999999907
150	0.5	30	lrt	0.810399999999927
1	0.7	30	lrt	0.999999999999906
3	0.7	30	lrt	0.999999999999906
7	0.7	30	lrt	0.999999999999906
14	0.7	30	lrt	0.999999999999906
21	0.7	30	lrt	0.999999999999906
30	0.7	30	lrt	0.999999999999906
60	0.7	30	lrt	0.999999999999906
90	0.7	30	lrt	0.999999999999906
150	0.7	30	lrt	0.953499999999911
1	1	30	lrt	0.999999999999906
3	1	30	lrt	0.999999999999906
7	1	30	lrt	0.999999999999906
14	1	30	lrt	0.999999999999906
21	1	30	lrt	0.999999999999906
30	1	30	lrt	0.999999999999906
60	1	30	lrt	0.999999999999906
90	1	30	lrt	0.999999999999906
150	1	30	lrt	0.995599999999907
1	1.5	30	lrt	0.999999999999906
3	1.5	30	lrt	0.999999999999906
7	1.5	30	lrt	0.999999999999906
14	1.5	30	lrt	0.999999999999906
21	1.5	30	lrt	0.999999999999906
30	1.5	30	lrt	0.999999999999906
60	1.5	30	lrt	0.999999999999906
90	1.5	30	lrt	0.999999999999906
150	1.5	30	lrt	0.999799999999906
1	2	30	lrt	0.999999999999906
3	2	30	lrt	0.999999999999906
7	2	30	lrt	0.999999999999906
14	2	30	lrt	0.999999999999906
21	2	30	lrt	0.999999999999906
30	2	30	lrt	0.999999999999906
60	2	30	lrt	0.999999999999906
90	2	30	lrt	0.999999999999906
150	2	30	lrt	0.999999999999906
1	0.00958904109589041	60	lrt	0
3	0.00958904109589041	60	lrt	0.0035
7	0.00958904109589041	60	lrt	0.121600000000002
14	0.00958904109589041	60	lrt	0.0726000000000011
21	0.00958904109589041	60	lrt	0.0532000000000005
30	0.00958904109589041	60	lrt	0.0503000000000004
60	0.00958904109589041	60	lrt	0.0548000000000005
90	0.00958904109589041	60	lrt	0.0558000000000006
150	0.00958904109589041	60	lrt	0.0559000000000006
1	0.0191780821917808	60	lrt	0
3	0.0191780821917808	60	lrt	0.005
7	0.0191780821917808	60	lrt	0.284099999999985
14	0.0191780821917808	60	lrt	0.139500000000001
21	0.0191780821917808	60	lrt	0.0951000000000017
30	0.0191780821917808	60	lrt	0.0768000000000012
60	0.0191780821917808	60	lrt	0.0600000000000007
90	0.0191780821917808	60	lrt	0.0586000000000007
150	0.0191780821917808	60	lrt	0.0607000000000007
1	0.0383561643835616	60	lrt	0
3	0.0383561643835616	60	lrt	0.0047
7	0.0383561643835616	60	lrt	0.464699999999965
14	0.0383561643835616	60	lrt	0.404999999999972
21	0.0383561643835616	60	lrt	0.254399999999988
30	0.0383561643835616	60	lrt	0.176899999999997
60	0.0383561643835616	60	lrt	0.0965000000000017
90	0.0383561643835616	60	lrt	0.071200000000001
150	0.0383561643835616	60	lrt	0.0629000000000008
1	0.0575342465753425	60	lrt	0
3	0.0575342465753425	60	lrt	0.0044
7	0.0575342465753425	60	lrt	0.489099999999962
14	0.0575342465753425	60	lrt	0.656199999999944
21	0.0575342465753425	60	lrt	0.484599999999963
30	0.0575342465753425	60	lrt	0.343599999999978
60	0.0575342465753425	60	lrt	0.1468
90	0.0575342465753425	60	lrt	0.100800000000002
150	0.0575342465753425	60	lrt	0.0739000000000011
1	0.0821917808219178	60	lrt	0
3	0.0821917808219178	60	lrt	0.0046
7	0.0821917808219178	60	lrt	0.495499999999962
14	0.0821917808219178	60	lrt	0.865699999999921
21	0.0821917808219178	60	lrt	0.777399999999931
30	0.0821917808219178	60	lrt	0.594799999999951
60	0.0821917808219178	60	lrt	0.23909999999999
90	0.0821917808219178	60	lrt	0.149
150	0.0821917808219178	60	lrt	0.0952000000000017
1	0.1	60	lrt	0
3	0.1	60	lrt	0.0039
7	0.1	60	lrt	0.528199999999958
14	0.1	60	lrt	0.938299999999913
21	0.1	60	lrt	0.906899999999916
30	0.1	60	lrt	0.767699999999932
60	0.1	60	lrt	0.33129999999998
90	0.1	60	lrt	0.190699999999995
150	0.1	60	lrt	0.106100000000002
1	0.3	60	lrt	0.999999999999906
3	0.3	60	lrt	0.999999999999906
7	0.3	60	lrt	0.999999999999906
14	0.3	60	lrt	0.999999999999906
21	0.3	60	lrt	0.999999999999906
30	0.3	60	lrt	0.999999999999906
60	0.3	60	lrt	0.986399999999908
90	0.3	60	lrt	0.823099999999926
150	0.3	60	lrt	0.461399999999966
1	0.5	60	lrt	0.999999999999906
3	0.5	60	lrt	0.999999999999906
7	0.5	60	lrt	0.999999999999906
14	0.5	60	lrt	0.999999999999906
21	0.5	60	lrt	0.999999999999906
30	0.5	60	lrt	0.999999999999906
60	0.5	60	lrt	0.999999999999906
90	0.5	60	lrt	0.992599999999907
150	0.5	60	lrt	0.806299999999928
1	0.7	60	lrt	0.999999999999906
3	0.7	60	lrt	0.999999999999906
7	0.7	60	lrt	0.999999999999906
14	0.7	60	lrt	0.999999999999906
21	0.7	60	lrt	0.999999999999906
30	0.7	60	lrt	0.999999999999906
60	0.7	60	lrt	0.999999999999906
90	0.7	60	lrt	0.999799999999906
150	0.7	60	lrt	0.950399999999912
1	1	60	lrt	0.999999999999906
3	1	60	lrt	0.999999999999906
7	1	60	lrt	0.999999999999906
14	1	60	lrt	0.999999999999906
21	1	60	lrt	0.999999999999906
30	1	60	lrt	0.999999999999906
60	1	60	lrt	0.999999999999906
90	1	60	lrt	0.999999999999906
150	1	60	lrt	0.993899999999907
1	1.5	60	lrt	0.999999999999906
3	1.5	60	lrt	0.999999999999906
7	1.5	60	lrt	0.999999999999906
14	1.5	60	lrt	0.999999999999906
21	1.5	60	lrt	0.999999999999906
30	1.5	60	lrt	0.999999999999906
60	1.5	60	lrt	0.999999999999906
90	1.5	60	lrt	0.999999999999906
150	1.5	60	lrt	0.999999999999906
1	2	60	lrt	0.999999999999906
3	2	60	lrt	0.999999999999906
7	2	60	lrt	0.999999999999906
14	2	60	lrt	0.999999999999906
21	2	60	lrt	0.999999999999906
30	2	60	lrt	0.999999999999906
60	2	60	lrt	0.999999999999906
90	2	60	lrt	0.999999999999906
150	2	60	lrt	0.999999999999906
1	0.00958904109589041	90	lrt	0
3	0.00958904109589041	90	lrt	0.005
7	0.00958904109589041	90	lrt	0.126200000000002
14	0.00958904109589041	90	lrt	0.0621000000000008
21	0.00958904109589041	90	lrt	0.0531000000000005
30	0.00958904109589041	90	lrt	0.0479000000000003
60	0.00958904109589041	90	lrt	0.0520000000000005
90	0.00958904109589041	90	lrt	0.0543000000000005
150	0.00958904109589041	90	lrt	0.0562000000000006
1	0.0191780821917808	90	lrt	0
3	0.0191780821917808	90	lrt	0.003
7	0.0191780821917808	90	lrt	0.290699999999984
14	0.0191780821917808	90	lrt	0.137300000000001
21	0.0191780821917808	90	lrt	0.0856000000000014
30	0.0191780821917808	90	lrt	0.0673000000000009
60	0.0191780821917808	90	lrt	0.0572000000000006
90	0.0191780821917808	90	lrt	0.0586000000000007
150	0.0191780821917808	90	lrt	0.0564000000000006
1	0.0383561643835616	90	lrt	0
3	0.0383561643835616	90	lrt	0.0056
7	0.0383561643835616	90	lrt	0.460899999999966
14	0.0383561643835616	90	lrt	0.393099999999973
21	0.0383561643835616	90	lrt	0.219799999999992
30	0.0383561643835616	90	lrt	0.140700000000001
60	0.0383561643835616	90	lrt	0.0878000000000015
90	0.0383561643835616	90	lrt	0.0671000000000009
150	0.0383561643835616	90	lrt	0.0658000000000009
1	0.0575342465753425	90	lrt	0
3	0.0575342465753425	90	lrt	0.0048
7	0.0575342465753425	90	lrt	0.494799999999962
14	0.0575342465753425	90	lrt	0.634499999999946
21	0.0575342465753425	90	lrt	0.406199999999972
30	0.0575342465753425	90	lrt	0.264899999999987
60	0.0575342465753425	90	lrt	0.139200000000001
90	0.0575342465753425	90	lrt	0.0965000000000017
150	0.0575342465753425	90	lrt	0.069400000000001
1	0.0821917808219178	90	lrt	0
3	0.0821917808219178	90	lrt	0.0043
7	0.0821917808219178	90	lrt	0.497099999999962
14	0.0821917808219178	90	lrt	0.799699999999928
21	0.0821917808219178	90	lrt	0.637699999999946
30	0.0821917808219178	90	lrt	0.469099999999965
60	0.0821917808219178	90	lrt	0.223899999999992
90	0.0821917808219178	90	lrt	0.133500000000002
150	0.0821917808219178	90	lrt	0.0888000000000015
1	0.1	90	lrt	0
3	0.1	90	lrt	0.006
7	0.1	90	lrt	0.494299999999962
14	0.1	90	lrt	0.828499999999925
21	0.1	90	lrt	0.770299999999931
30	0.1	90	lrt	0.617599999999948
60	0.1	90	lrt	0.297299999999984
90	0.1	90	lrt	0.180499999999996
150	0.1	90	lrt	0.104500000000002
1	0.3	90	lrt	0.999999999999906
3	0.3	90	lrt	0.999999999999906
7	0.3	90	lrt	0.999999999999906
14	0.3	90	lrt	0.999999999999906
21	0.3	90	lrt	0.999999999999906
30	0.3	90	lrt	0.999999999999906
60	0.3	90	lrt	0.976399999999909
90	0.3	90	lrt	0.800899999999928
150	0.3	90	lrt	0.452499999999966
1	0.5	90	lrt	0.999999999999906
3	0.5	90	lrt	0.999999999999906
7	0.5	90	lrt	0.999999999999906
14	0.5	90	lrt	0.999999999999906
21	0.5	90	lrt	0.999999999999906
30	0.5	90	lrt	0.999999999999906
60	0.5	90	lrt	0.999999999999906
90	0.5	90	lrt	0.989699999999907
150	0.5	90	lrt	0.799899999999928
1	0.7	90	lrt	0.999999999999906
3	0.7	90	lrt	0.999999999999906
7	0.7	90	lrt	0.999999999999906
14	0.7	90	lrt	0.999999999999906
21	0.7	90	lrt	0.999999999999906
30	0.7	90	lrt	0.999999999999906
60	0.7	90	lrt	0.999999999999906
90	0.7	90	lrt	0.999899999999906
150	0.7	90	lrt	0.945799999999912
1	1	90	lrt	0.999999999999906
3	1	90	lrt	0.999999999999906
7	1	90	lrt	0.999999999999906
14	1	90	lrt	0.999999999999906
21	1	90	lrt	0.999999999999906
30	1	90	lrt	0.999999999999906
60	1	90	lrt	0.999999999999906
90	1	90	lrt	0.999999999999906
150	1	90	lrt	0.994699999999907
1	1.5	90	lrt	0.999999999999906
3	1.5	90	lrt	0.999999999999906
7	1.5	90	lrt	0.999999999999906
14	1.5	90	lrt	0.999999999999906
21	1.5	90	lrt	0.999999999999906
30	1.5	90	lrt	0.999999999999906
60	1.5	90	lrt	0.999999999999906
90	1.5	90	lrt	0.999999999999906
150	1.5	90	lrt	0.999899999999906
1	2	90	lrt	0.999999999999906
3	2	90	lrt	0.999999999999906
7	2	90	lrt	0.999999999999906
14	2	90	lrt	0.999999999999906
21	2	90	lrt	0.999999999999906
30	2	90	lrt	0.999999999999906
60	2	90	lrt	0.999999999999906
90	2	90	lrt	0.999999999999906
150	2	90	lrt	0.999999999999906
1	0.00958904109589041	1	ks	0.999999999999906
3	0.00958904109589041	1	ks	0.553399999999955
7	0.00958904109589041	1	ks	0.113200000000002
14	0.00958904109589041	1	ks	0.0441000000000002
21	0.00958904109589041	1	ks	0.0319999999999999
30	0.00958904109589041	1	ks	0.0289999999999999
60	0.00958904109589041	1	ks	0.0228999999999999
90	0.00958904109589041	1	ks	0.0248999999999999
150	0.00958904109589041	1	ks	0.0236999999999999
1	0.0191780821917808	1	ks	0.999999999999906
3	0.0191780821917808	1	ks	0.996299999999907
7	0.0191780821917808	1	ks	0.463499999999965
14	0.0191780821917808	1	ks	0.113900000000002
21	0.0191780821917808	1	ks	0.0676000000000009
30	0.0191780821917808	1	ks	0.0425000000000002
60	0.0191780821917808	1	ks	0.0294999999999999
90	0.0191780821917808	1	ks	0.0259999999999999
150	0.0191780821917808	1	ks	0.0248999999999999
1	0.0383561643835616	1	ks	0.999999999999906
3	0.0383561643835616	1	ks	0.999999999999906
7	0.0383561643835616	1	ks	0.981399999999908
14	0.0383561643835616	1	ks	0.477599999999964
21	0.0383561643835616	1	ks	0.217999999999992
30	0.0383561643835616	1	ks	0.112700000000002
60	0.0383561643835616	1	ks	0.0475000000000003
90	0.0383561643835616	1	ks	0.0323999999999999
150	0.0383561643835616	1	ks	0.0314999999999999
1	0.0575342465753425	1	ks	0.999999999999906
3	0.0575342465753425	1	ks	0.999999999999906
7	0.0575342465753425	1	ks	0.999999999999906
14	0.0575342465753425	1	ks	0.849699999999923
21	0.0575342465753425	1	ks	0.484899999999963
30	0.0575342465753425	1	ks	0.23869999999999
60	0.0575342465753425	1	ks	0.0779000000000012
90	0.0575342465753425	1	ks	0.0493000000000004
150	0.0575342465753425	1	ks	0.0335999999999999
1	0.0821917808219178	1	ks	0.999999999999906
3	0.0821917808219178	1	ks	0.999999999999906
7	0.0821917808219178	1	ks	0.999999999999906
14	0.0821917808219178	1	ks	0.991999999999907
21	0.0821917808219178	1	ks	0.808799999999927
30	0.0821917808219178	1	ks	0.482799999999963
60	0.0821917808219178	1	ks	0.132100000000002
90	0.0821917808219178	1	ks	0.0652000000000008
150	0.0821917808219178	1	ks	0.0457000000000003
1	0.1	1	ks	0.999999999999906
3	0.1	1	ks	0.999999999999906
7	0.1	1	ks	0.999999999999906
14	0.1	1	ks	0.999399999999906
21	0.1	1	ks	0.935999999999913
30	0.1	1	ks	0.655199999999944
60	0.1	1	ks	0.184799999999996
90	0.1	1	ks	0.0884000000000015
150	0.1	1	ks	0.0511000000000004
1	0.3	1	ks	0.999999999999906
3	0.3	1	ks	0.999999999999906
7	0.3	1	ks	0.999999999999906
14	0.3	1	ks	0.999999999999906
21	0.3	1	ks	0.999999999999906
30	0.3	1	ks	0.999999999999906
60	0.3	1	ks	0.924299999999915
90	0.3	1	ks	0.60039999999995
150	0.3	1	ks	0.23929999999999
1	0.5	1	ks	0.999999999999906
3	0.5	1	ks	0.999999999999906
7	0.5	1	ks	0.999999999999906
14	0.5	1	ks	0.999999999999906
21	0.5	1	ks	0.999999999999906
30	0.5	1	ks	0.999999999999906
60	0.5	1	ks	0.999699999999906
90	0.5	1	ks	0.937699999999913
150	0.5	1	ks	0.543799999999956
1	0.7	1	ks	0.999999999999906
3	0.7	1	ks	0.999999999999906
7	0.7	1	ks	0.999999999999906
14	0.7	1	ks	0.999999999999906
21	0.7	1	ks	0.999999999999906
30	0.7	1	ks	0.999999999999906
60	0.7	1	ks	0.999999999999906
90	0.7	1	ks	0.995099999999907
150	0.7	1	ks	0.778299999999931
1	1	1	ks	0.999999999999906
3	1	1	ks	0.999999999999906
7	1	1	ks	0.999999999999906
14	1	1	ks	0.999999999999906
21	1	1	ks	0.999999999999906
30	1	1	ks	0.999999999999906
60	1	1	ks	0.999999999999906
90	1	1	ks	0.999999999999906
150	1	1	ks	0.947699999999912
1	1.5	1	ks	0.999999999999906
3	1.5	1	ks	0.999999999999906
7	1.5	1	ks	0.999999999999906
14	1.5	1	ks	0.999999999999906
21	1.5	1	ks	0.999999999999906
30	1.5	1	ks	0.999999999999906
60	1.5	1	ks	0.999999999999906
90	1.5	1	ks	0.999999999999906
150	1.5	1	ks	0.996199999999907
1	2	1	ks	0.999999999999906
3	2	1	ks	0.999999999999906
7	2	1	ks	0.999999999999906
14	2	1	ks	0.999999999999906
21	2	1	ks	0.999999999999906
30	2	1	ks	0.999999999999906
60	2	1	ks	0.999999999999906
90	2	1	ks	0.999999999999906
150	2	1	ks	0.999899999999906
1	0.00958904109589041	7	ks	5e-04
3	0.00958904109589041	7	ks	0.0829000000000013
7	0.00958904109589041	7	ks	0.0437000000000002
14	0.00958904109589041	7	ks	0.0207999999999999
21	0.00958904109589041	7	ks	0.0189999999999999
30	0.00958904109589041	7	ks	0.0176999999999999
60	0.00958904109589041	7	ks	0.0179999999999999
90	0.00958904109589041	7	ks	0.0207999999999999
150	0.00958904109589041	7	ks	0.0227999999999999
1	0.0191780821917808	7	ks	0.998699999999906
3	0.0191780821917808	7	ks	0.816299999999926
7	0.0191780821917808	7	ks	0.269999999999987
14	0.0191780821917808	7	ks	0.0671000000000009
21	0.0191780821917808	7	ks	0.0388000000000001
30	0.0191780821917808	7	ks	0.0319999999999999
60	0.0191780821917808	7	ks	0.0248999999999999
90	0.0191780821917808	7	ks	0.0212999999999999
150	0.0191780821917808	7	ks	0.0223999999999999
1	0.0383561643835616	7	ks	0.999999999999906
3	0.0383561643835616	7	ks	0.999999999999906
7	0.0383561643835616	7	ks	0.930699999999914
14	0.0383561643835616	7	ks	0.346899999999978
21	0.0383561643835616	7	ks	0.158699999999999
30	0.0383561643835616	7	ks	0.0824000000000013
60	0.0383561643835616	7	ks	0.0384000000000001
90	0.0383561643835616	7	ks	0.0291999999999999
150	0.0383561643835616	7	ks	0.0278999999999999
1	0.0575342465753425	7	ks	0.999999999999906
3	0.0575342465753425	7	ks	0.999999999999906
7	0.0575342465753425	7	ks	0.999799999999906
14	0.0575342465753425	7	ks	0.755399999999933
21	0.0575342465753425	7	ks	0.382799999999974
30	0.0575342465753425	7	ks	0.186599999999996
60	0.0575342465753425	7	ks	0.0557000000000006
90	0.0575342465753425	7	ks	0.0409000000000001
150	0.0575342465753425	7	ks	0.0317999999999999
1	0.0821917808219178	7	ks	0.999999999999906
3	0.0821917808219178	7	ks	0.999999999999906
7	0.0821917808219178	7	ks	0.999999999999906
14	0.0821917808219178	7	ks	0.979999999999908
21	0.0821917808219178	7	ks	0.731499999999936
30	0.0821917808219178	7	ks	0.409099999999971
60	0.0821917808219178	7	ks	0.106900000000002
90	0.0821917808219178	7	ks	0.0540000000000005
150	0.0821917808219178	7	ks	0.0367
1	0.1	7	ks	0.999999999999906
3	0.1	7	ks	0.999999999999906
7	0.1	7	ks	0.999999999999906
14	0.1	7	ks	0.998299999999906
21	0.1	7	ks	0.896299999999918
30	0.1	7	ks	0.585199999999952
60	0.1	7	ks	0.157599999999999
90	0.1	7	ks	0.0849000000000014
150	0.1	7	ks	0.0421000000000002
1	0.3	7	ks	0.999999999999906
3	0.3	7	ks	0.999999999999906
7	0.3	7	ks	0.999999999999906
14	0.3	7	ks	0.999999999999906
21	0.3	7	ks	0.999999999999906
30	0.3	7	ks	0.999999999999906
60	0.3	7	ks	0.907999999999916
90	0.3	7	ks	0.568899999999954
150	0.3	7	ks	0.226099999999991
1	0.5	7	ks	0.999999999999906
3	0.5	7	ks	0.999999999999906
7	0.5	7	ks	0.999999999999906
14	0.5	7	ks	0.999999999999906
21	0.5	7	ks	0.999999999999906
30	0.5	7	ks	0.999999999999906
60	0.5	7	ks	0.999399999999906
90	0.5	7	ks	0.933399999999914
150	0.5	7	ks	0.522699999999959
1	0.7	7	ks	0.999999999999906
3	0.7	7	ks	0.999999999999906
7	0.7	7	ks	0.999999999999906
14	0.7	7	ks	0.999999999999906
21	0.7	7	ks	0.999999999999906
30	0.7	7	ks	0.999999999999906
60	0.7	7	ks	0.999999999999906
90	0.7	7	ks	0.993899999999907
150	0.7	7	ks	0.777899999999931
1	1	7	ks	0.999999999999906
3	1	7	ks	0.999999999999906
7	1	7	ks	0.999999999999906
14	1	7	ks	0.999999999999906
21	1	7	ks	0.999999999999906
30	1	7	ks	0.999999999999906
60	1	7	ks	0.999999999999906
90	1	7	ks	0.999999999999906
150	1	7	ks	0.950899999999912
1	1.5	7	ks	0.999999999999906
3	1.5	7	ks	0.999999999999906
7	1.5	7	ks	0.999999999999906
14	1.5	7	ks	0.999999999999906
21	1.5	7	ks	0.999999999999906
30	1.5	7	ks	0.999999999999906
60	1.5	7	ks	0.999999999999906
90	1.5	7	ks	0.999999999999906
150	1.5	7	ks	0.996099999999907
1	2	7	ks	0.999999999999906
3	2	7	ks	0.999999999999906
7	2	7	ks	0.999999999999906
14	2	7	ks	0.999999999999906
21	2	7	ks	0.999999999999906
30	2	7	ks	0.999999999999906
60	2	7	ks	0.999999999999906
90	2	7	ks	0.999999999999906
150	2	7	ks	0.999599999999906
1	0.00958904109589041	14	ks	9e-04
3	0.00958904109589041	14	ks	0.0764000000000012
7	0.00958904109589041	14	ks	0.0245999999999999
14	0.00958904109589041	14	ks	0.014
21	0.00958904109589041	14	ks	0.0109
30	0.00958904109589041	14	ks	0.0142
60	0.00958904109589041	14	ks	0.0159
90	0.00958904109589041	14	ks	0.0177999999999999
150	0.00958904109589041	14	ks	0.0196999999999999
1	0.0191780821917808	14	ks	0.0012
3	0.0191780821917808	14	ks	0.141500000000001
7	0.0191780821917808	14	ks	0.120600000000002
14	0.0191780821917808	14	ks	0.0456000000000003
21	0.0191780821917808	14	ks	0.0265999999999999
30	0.0191780821917808	14	ks	0.0198999999999999
60	0.0191780821917808	14	ks	0.0180999999999999
90	0.0191780821917808	14	ks	0.0177999999999999
150	0.0191780821917808	14	ks	0.0196999999999999
1	0.0383561643835616	14	ks	0.998899999999906
3	0.0383561643835616	14	ks	0.87049999999992
7	0.0383561643835616	14	ks	0.688199999999941
14	0.0383561643835616	14	ks	0.257299999999988
21	0.0383561643835616	14	ks	0.109700000000002
30	0.0383561643835616	14	ks	0.0626000000000008
60	0.0383561643835616	14	ks	0.0294999999999999
90	0.0383561643835616	14	ks	0.0222999999999999
150	0.0383561643835616	14	ks	0.0232999999999999
1	0.0575342465753425	14	ks	0.999999999999906
3	0.0575342465753425	14	ks	0.999999999999906
7	0.0575342465753425	14	ks	0.998399999999906
14	0.0575342465753425	14	ks	0.651299999999945
21	0.0575342465753425	14	ks	0.309699999999982
30	0.0575342465753425	14	ks	0.1516
60	0.0575342465753425	14	ks	0.0521000000000005
90	0.0575342465753425	14	ks	0.0324999999999999
150	0.0575342465753425	14	ks	0.0274999999999999
1	0.0821917808219178	14	ks	0.999999999999906
3	0.0821917808219178	14	ks	0.999999999999906
7	0.0821917808219178	14	ks	0.999999999999906
14	0.0821917808219178	14	ks	0.957599999999911
21	0.0821917808219178	14	ks	0.655199999999944
30	0.0821917808219178	14	ks	0.335199999999979
60	0.0821917808219178	14	ks	0.0897000000000015
90	0.0821917808219178	14	ks	0.0525000000000005
150	0.0821917808219178	14	ks	0.0319999999999999
1	0.1	14	ks	0.999999999999906
3	0.1	14	ks	0.999999999999906
7	0.1	14	ks	0.999999999999906
14	0.1	14	ks	0.996099999999907
21	0.1	14	ks	0.845199999999923
30	0.1	14	ks	0.519999999999959
60	0.1	14	ks	0.135600000000001
90	0.1	14	ks	0.070600000000001
150	0.1	14	ks	0.0418000000000002
1	0.3	14	ks	0.999999999999906
3	0.3	14	ks	0.999999999999906
7	0.3	14	ks	0.999999999999906
14	0.3	14	ks	0.999999999999906
21	0.3	14	ks	0.999999999999906
30	0.3	14	ks	0.999999999999906
60	0.3	14	ks	0.894399999999918
90	0.3	14	ks	0.542399999999957
150	0.3	14	ks	0.219299999999992
1	0.5	14	ks	0.999999999999906
3	0.5	14	ks	0.999999999999906
7	0.5	14	ks	0.999999999999906
14	0.5	14	ks	0.999999999999906
21	0.5	14	ks	0.999999999999906
30	0.5	14	ks	0.999999999999906
60	0.5	14	ks	0.999399999999906
90	0.5	14	ks	0.923299999999915
150	0.5	14	ks	0.505599999999961
1	0.7	14	ks	0.999999999999906
3	0.7	14	ks	0.999999999999906
7	0.7	14	ks	0.999999999999906
14	0.7	14	ks	0.999999999999906
21	0.7	14	ks	0.999999999999906
30	0.7	14	ks	0.999999999999906
60	0.7	14	ks	0.999999999999906
90	0.7	14	ks	0.993999999999907
150	0.7	14	ks	0.763999999999932
1	1	14	ks	0.999999999999906
3	1	14	ks	0.999999999999906
7	1	14	ks	0.999999999999906
14	1	14	ks	0.999999999999906
21	1	14	ks	0.999999999999906
30	1	14	ks	0.999999999999906
60	1	14	ks	0.999999999999906
90	1	14	ks	0.999999999999906
150	1	14	ks	0.942399999999913
1	1.5	14	ks	0.999999999999906
3	1.5	14	ks	0.999999999999906
7	1.5	14	ks	0.999999999999906
14	1.5	14	ks	0.999999999999906
21	1.5	14	ks	0.999999999999906
30	1.5	14	ks	0.999999999999906
60	1.5	14	ks	0.999999999999906
90	1.5	14	ks	0.999999999999906
150	1.5	14	ks	0.995799999999907
1	2	14	ks	0.999999999999906
3	2	14	ks	0.999999999999906
7	2	14	ks	0.999999999999906
14	2	14	ks	0.999999999999906
21	2	14	ks	0.999999999999906
30	2	14	ks	0.999999999999906
60	2	14	ks	0.999999999999906
90	2	14	ks	0.999999999999906
150	2	14	ks	0.999599999999906
1	0.00958904109589041	21	ks	0
3	0.00958904109589041	21	ks	0
7	0.00958904109589041	21	ks	3e-04
14	0.00958904109589041	21	ks	0.0044
21	0.00958904109589041	21	ks	0.0087
30	0.00958904109589041	21	ks	0.0096
60	0.00958904109589041	21	ks	0.0117
90	0.00958904109589041	21	ks	0.0141
150	0.00958904109589041	21	ks	0.0199999999999999
1	0.0191780821917808	21	ks	0
3	0.0191780821917808	21	ks	0
7	0.0191780821917808	21	ks	0.0034
14	0.0191780821917808	21	ks	0.0194999999999999
21	0.0191780821917808	21	ks	0.0179999999999999
30	0.0191780821917808	21	ks	0.0154
60	0.0191780821917808	21	ks	0.015
90	0.0191780821917808	21	ks	0.0158
150	0.0191780821917808	21	ks	0.0206999999999999
1	0.0383561643835616	21	ks	0.999199999999906
3	0.0383561643835616	21	ks	0.843399999999923
7	0.0383561643835616	21	ks	0.581899999999952
14	0.0383561643835616	21	ks	0.191599999999995
21	0.0383561643835616	21	ks	0.0851000000000014
30	0.0383561643835616	21	ks	0.0504000000000004
60	0.0383561643835616	21	ks	0.0260999999999999
90	0.0383561643835616	21	ks	0.0216999999999999
150	0.0383561643835616	21	ks	0.0189999999999999
1	0.0575342465753425	21	ks	0.999999999999906
3	0.0575342465753425	21	ks	0.999999999999906
7	0.0575342465753425	21	ks	0.997499999999906
14	0.0575342465753425	21	ks	0.590899999999951
21	0.0575342465753425	21	ks	0.251699999999989
30	0.0575342465753425	21	ks	0.121800000000002
60	0.0575342465753425	21	ks	0.0437000000000002
90	0.0575342465753425	21	ks	0.0319999999999999
150	0.0575342465753425	21	ks	0.0255999999999999
1	0.0821917808219178	21	ks	0.999999999999906
3	0.0821917808219178	21	ks	0.999999999999906
7	0.0821917808219178	21	ks	0.999999999999906
14	0.0821917808219178	21	ks	0.928099999999914
21	0.0821917808219178	21	ks	0.587899999999952
30	0.0821917808219178	21	ks	0.298299999999983
60	0.0821917808219178	21	ks	0.0800000000000013
90	0.0821917808219178	21	ks	0.0518000000000005
150	0.0821917808219178	21	ks	0.0314999999999999
1	0.1	21	ks	0.999999999999906
3	0.1	21	ks	0.999999999999906
7	0.1	21	ks	0.999999999999906
14	0.1	21	ks	0.988199999999907
21	0.1	21	ks	0.801199999999928
30	0.1	21	ks	0.460199999999966
60	0.1	21	ks	0.120800000000002
90	0.1	21	ks	0.0595000000000007
150	0.1	21	ks	0.0365
1	0.3	21	ks	0.999999999999906
3	0.3	21	ks	0.999999999999906
7	0.3	21	ks	0.999999999999906
14	0.3	21	ks	0.999999999999906
21	0.3	21	ks	0.999999999999906
30	0.3	21	ks	0.999999999999906
60	0.3	21	ks	0.87079999999992
90	0.3	21	ks	0.521599999999959
150	0.3	21	ks	0.197899999999995
1	0.5	21	ks	0.999999999999906
3	0.5	21	ks	0.999999999999906
7	0.5	21	ks	0.999999999999906
14	0.5	21	ks	0.999999999999906
21	0.5	21	ks	0.999999999999906
30	0.5	21	ks	0.999999999999906
60	0.5	21	ks	0.998799999999906
90	0.5	21	ks	0.911299999999916
150	0.5	21	ks	0.494299999999962
1	0.7	21	ks	0.999999999999906
3	0.7	21	ks	0.999999999999906
7	0.7	21	ks	0.999999999999906
14	0.7	21	ks	0.999999999999906
21	0.7	21	ks	0.999999999999906
30	0.7	21	ks	0.999999999999906
60	0.7	21	ks	0.999999999999906
90	0.7	21	ks	0.993299999999907
150	0.7	21	ks	0.758999999999933
1	1	21	ks	0.999999999999906
3	1	21	ks	0.999999999999906
7	1	21	ks	0.999999999999906
14	1	21	ks	0.999999999999906
21	1	21	ks	0.999999999999906
30	1	21	ks	0.999999999999906
60	1	21	ks	0.999999999999906
90	1	21	ks	0.999999999999906
150	1	21	ks	0.943699999999912
1	1.5	21	ks	0.999999999999906
3	1.5	21	ks	0.999999999999906
7	1.5	21	ks	0.999999999999906
14	1.5	21	ks	0.999999999999906
21	1.5	21	ks	0.999999999999906
30	1.5	21	ks	0.999999999999906
60	1.5	21	ks	0.999999999999906
90	1.5	21	ks	0.999999999999906
150	1.5	21	ks	0.994299999999907
1	2	21	ks	0.999999999999906
3	2	21	ks	0.999999999999906
7	2	21	ks	0.999999999999906
14	2	21	ks	0.999999999999906
21	2	21	ks	0.999999999999906
30	2	21	ks	0.999999999999906
60	2	21	ks	0.999999999999906
90	2	21	ks	0.999999999999906
150	2	21	ks	0.999599999999906
1	0.00958904109589041	30	ks	0
3	0.00958904109589041	30	ks	0
7	0.00958904109589041	30	ks	0.0015
14	0.00958904109589041	30	ks	0.00740000000000001
21	0.00958904109589041	30	ks	0.0058
30	0.00958904109589041	30	ks	0.0065
60	0.00958904109589041	30	ks	0.0111
90	0.00958904109589041	30	ks	0.0126
150	0.00958904109589041	30	ks	0.0152
1	0.0191780821917808	30	ks	0
3	0.0191780821917808	30	ks	0
7	0.0191780821917808	30	ks	0.00750000000000001
14	0.0191780821917808	30	ks	0.0151
21	0.0191780821917808	30	ks	0.0129
30	0.0191780821917808	30	ks	0.0084
60	0.0191780821917808	30	ks	0.0112
90	0.0191780821917808	30	ks	0.0132
150	0.0191780821917808	30	ks	0.0156
1	0.0383561643835616	30	ks	0
3	0.0383561643835616	30	ks	0
7	0.0383561643835616	30	ks	0.0108
14	0.0383561643835616	30	ks	0.0562000000000006
21	0.0383561643835616	30	ks	0.0519000000000005
30	0.0383561643835616	30	ks	0.0381000000000001
60	0.0383561643835616	30	ks	0.0194999999999999
90	0.0383561643835616	30	ks	0.0155
150	0.0383561643835616	30	ks	0.0173
1	0.0575342465753425	30	ks	0
3	0.0575342465753425	30	ks	0
7	0.0575342465753425	30	ks	0.0575000000000006
14	0.0575342465753425	30	ks	0.214199999999993
21	0.0575342465753425	30	ks	0.167499999999998
30	0.0575342465753425	30	ks	0.0977000000000018
60	0.0575342465753425	30	ks	0.0326999999999999
90	0.0575342465753425	30	ks	0.0248999999999999
150	0.0575342465753425	30	ks	0.0205999999999999
1	0.0821917808219178	30	ks	0.999999999999906
3	0.0821917808219178	30	ks	0.999999999999906
7	0.0821917808219178	30	ks	0.981299999999908
14	0.0821917808219178	30	ks	0.78529999999993
21	0.0821917808219178	30	ks	0.488299999999963
30	0.0821917808219178	30	ks	0.246899999999989
60	0.0821917808219178	30	ks	0.0608000000000007
90	0.0821917808219178	30	ks	0.0362
150	0.0821917808219178	30	ks	0.0285999999999999
1	0.1	30	ks	0.999999999999906
3	0.1	30	ks	0.999999999999906
7	0.1	30	ks	0.999999999999906
14	0.1	30	ks	0.973899999999909
21	0.1	30	ks	0.731299999999936
30	0.1	30	ks	0.410699999999971
60	0.1	30	ks	0.0966000000000017
90	0.1	30	ks	0.0543000000000005
150	0.1	30	ks	0.0340999999999999
1	0.3	30	ks	0.999999999999906
3	0.3	30	ks	0.999999999999906
7	0.3	30	ks	0.999999999999906
14	0.3	30	ks	0.999999999999906
21	0.3	30	ks	0.999999999999906
30	0.3	30	ks	0.999999999999906
60	0.3	30	ks	0.850899999999923
90	0.3	30	ks	0.484099999999963
150	0.3	30	ks	0.182599999999996
1	0.5	30	ks	0.999999999999906
3	0.5	30	ks	0.999999999999906
7	0.5	30	ks	0.999999999999906
14	0.5	30	ks	0.999999999999906
21	0.5	30	ks	0.999999999999906
30	0.5	30	ks	0.999999999999906
60	0.5	30	ks	0.998799999999906
90	0.5	30	ks	0.901999999999917
150	0.5	30	ks	0.478399999999964
1	0.7	30	ks	0.999999999999906
3	0.7	30	ks	0.999999999999906
7	0.7	30	ks	0.999999999999906
14	0.7	30	ks	0.999999999999906
21	0.7	30	ks	0.999999999999906
30	0.7	30	ks	0.999999999999906
60	0.7	30	ks	0.999999999999906
90	0.7	30	ks	0.991799999999907
150	0.7	30	ks	0.750199999999934
1	1	30	ks	0.999999999999906
3	1	30	ks	0.999999999999906
7	1	30	ks	0.999999999999906
14	1	30	ks	0.999999999999906
21	1	30	ks	0.999999999999906
30	1	30	ks	0.999999999999906
60	1	30	ks	0.999999999999906
90	1	30	ks	0.999899999999906
150	1	30	ks	0.932499999999914
1	1.5	30	ks	0.999999999999906
3	1.5	30	ks	0.999999999999906
7	1.5	30	ks	0.999999999999906
14	1.5	30	ks	0.999999999999906
21	1.5	30	ks	0.999999999999906
30	1.5	30	ks	0.999999999999906
60	1.5	30	ks	0.999999999999906
90	1.5	30	ks	0.999999999999906
150	1.5	30	ks	0.994899999999907
1	2	30	ks	0.999999999999906
3	2	30	ks	0.999999999999906
7	2	30	ks	0.999999999999906
14	2	30	ks	0.999999999999906
21	2	30	ks	0.999999999999906
30	2	30	ks	0.999999999999906
60	2	30	ks	0.999999999999906
90	2	30	ks	0.999999999999906
150	2	30	ks	0.999899999999906
1	0.00958904109589041	60	ks	0
3	0.00958904109589041	60	ks	0
7	0.00958904109589041	60	ks	0.0039
14	0.00958904109589041	60	ks	0.0064
21	0.00958904109589041	60	ks	0.0047
30	0.00958904109589041	60	ks	0.0057
60	0.00958904109589041	60	ks	0.0046
90	0.00958904109589041	60	ks	0.0062
150	0.00958904109589041	60	ks	0.0115
1	0.0191780821917808	60	ks	0
3	0.0191780821917808	60	ks	0
7	0.0191780821917808	60	ks	0.00830000000000001
14	0.0191780821917808	60	ks	0.0149
21	0.0191780821917808	60	ks	0.0134
30	0.0191780821917808	60	ks	0.0095
60	0.0191780821917808	60	ks	0.00810000000000001
90	0.0191780821917808	60	ks	0.00800000000000001
150	0.0191780821917808	60	ks	0.0127
1	0.0383561643835616	60	ks	0
3	0.0383561643835616	60	ks	0
7	0.0383561643835616	60	ks	0.0113
14	0.0383561643835616	60	ks	0.0528000000000005
21	0.0383561643835616	60	ks	0.0362
30	0.0383561643835616	60	ks	0.0227999999999999
60	0.0383561643835616	60	ks	0.0105
90	0.0383561643835616	60	ks	0.0117
150	0.0383561643835616	60	ks	0.014
1	0.0575342465753425	60	ks	0
3	0.0575342465753425	60	ks	0
7	0.0575342465753425	60	ks	0.0144
14	0.0575342465753425	60	ks	0.0912000000000016
21	0.0575342465753425	60	ks	0.0779000000000012
30	0.0575342465753425	60	ks	0.0454000000000003
60	0.0575342465753425	60	ks	0.0195999999999999
90	0.0575342465753425	60	ks	0.0154
150	0.0575342465753425	60	ks	0.0169
1	0.0821917808219178	60	ks	0
3	0.0821917808219178	60	ks	0
7	0.0821917808219178	60	ks	0.0133
14	0.0821917808219178	60	ks	0.118700000000002
21	0.0821917808219178	60	ks	0.132000000000002
30	0.0821917808219178	60	ks	0.100400000000002
60	0.0821917808219178	60	ks	0.0392000000000001
90	0.0821917808219178	60	ks	0.0279999999999999
150	0.0821917808219178	60	ks	0.0205999999999999
1	0.1	60	ks	0
3	0.1	60	ks	0
7	0.1	60	ks	0.011
14	0.1	60	ks	0.126500000000002
21	0.1	60	ks	0.173699999999997
30	0.1	60	ks	0.152899999999999
60	0.1	60	ks	0.0625000000000008
90	0.1	60	ks	0.0326999999999999
150	0.1	60	ks	0.0251999999999999
1	0.3	60	ks	0.999999999999906
3	0.3	60	ks	0.999999999999906
7	0.3	60	ks	0.999999999999906
14	0.3	60	ks	0.999999999999906
21	0.3	60	ks	0.999999999999906
30	0.3	60	ks	0.999899999999906
60	0.3	60	ks	0.777699999999931
90	0.3	60	ks	0.410399999999971
150	0.3	60	ks	0.155099999999999
1	0.5	60	ks	0.999999999999906
3	0.5	60	ks	0.999999999999906
7	0.5	60	ks	0.999999999999906
14	0.5	60	ks	0.999999999999906
21	0.5	60	ks	0.999999999999906
30	0.5	60	ks	0.999999999999906
60	0.5	60	ks	0.995999999999907
90	0.5	60	ks	0.862999999999921
150	0.5	60	ks	0.42449999999997
1	0.7	60	ks	0.999999999999906
3	0.7	60	ks	0.999999999999906
7	0.7	60	ks	0.999999999999906
14	0.7	60	ks	0.999999999999906
21	0.7	60	ks	0.999999999999906
30	0.7	60	ks	0.999999999999906
60	0.7	60	ks	0.999999999999906
90	0.7	60	ks	0.983199999999908
150	0.7	60	ks	0.702099999999939
1	1	60	ks	0.999999999999906
3	1	60	ks	0.999999999999906
7	1	60	ks	0.999999999999906
14	1	60	ks	0.999999999999906
21	1	60	ks	0.999999999999906
30	1	60	ks	0.999999999999906
60	1	60	ks	0.999999999999906
90	1	60	ks	0.999799999999906
150	1	60	ks	0.922999999999915
1	1.5	60	ks	0.999999999999906
3	1.5	60	ks	0.999999999999906
7	1.5	60	ks	0.999999999999906
14	1.5	60	ks	0.999999999999906
21	1.5	60	ks	0.999999999999906
30	1.5	60	ks	0.999999999999906
60	1.5	60	ks	0.999999999999906
90	1.5	60	ks	0.999999999999906
150	1.5	60	ks	0.993099999999907
1	2	60	ks	0.999999999999906
3	2	60	ks	0.999999999999906
7	2	60	ks	0.999999999999906
14	2	60	ks	0.999999999999906
21	2	60	ks	0.999999999999906
30	2	60	ks	0.999999999999906
60	2	60	ks	0.999999999999906
90	2	60	ks	0.999999999999906
150	2	60	ks	0.999699999999906
1	0.00958904109589041	90	ks	0
3	0.00958904109589041	90	ks	0
7	0.00958904109589041	90	ks	0.0038
14	0.00958904109589041	90	ks	0.00730000000000001
21	0.00958904109589041	90	ks	0.0058
30	0.00958904109589041	90	ks	0.0055
60	0.00958904109589041	90	ks	0.004
90	0.00958904109589041	90	ks	0.0062
150	0.00958904109589041	90	ks	0.0085
1	0.0191780821917808	90	ks	0
3	0.0191780821917808	90	ks	0
7	0.0191780821917808	90	ks	0.0063
14	0.0191780821917808	90	ks	0.015
21	0.0191780821917808	90	ks	0.0121
30	0.0191780821917808	90	ks	0.0089
60	0.0191780821917808	90	ks	0.0055
90	0.0191780821917808	90	ks	0.0065
150	0.0191780821917808	90	ks	0.00800000000000001
1	0.0383561643835616	90	ks	0
3	0.0383561643835616	90	ks	0
7	0.0383561643835616	90	ks	0.0126
14	0.0383561643835616	90	ks	0.0520000000000005
21	0.0383561643835616	90	ks	0.0394000000000001
30	0.0383561643835616	90	ks	0.0212999999999999
60	0.0383561643835616	90	ks	0.0096
90	0.0383561643835616	90	ks	0.0092
150	0.0383561643835616	90	ks	0.0094
1	0.0575342465753425	90	ks	0
3	0.0575342465753425	90	ks	0
7	0.0575342465753425	90	ks	0.012
14	0.0575342465753425	90	ks	0.0947000000000017
21	0.0575342465753425	90	ks	0.0802000000000013
30	0.0575342465753425	90	ks	0.0454000000000003
60	0.0575342465753425	90	ks	0.0165
90	0.0575342465753425	90	ks	0.0118
150	0.0575342465753425	90	ks	0.0129
1	0.0821917808219178	90	ks	0
3	0.0821917808219178	90	ks	0
7	0.0821917808219178	90	ks	0.0122
14	0.0821917808219178	90	ks	0.117300000000002
21	0.0821917808219178	90	ks	0.133900000000002
30	0.0821917808219178	90	ks	0.0900000000000016
60	0.0821917808219178	90	ks	0.0274999999999999
90	0.0821917808219178	90	ks	0.0182999999999999
150	0.0821917808219178	90	ks	0.0145
1	0.1	90	ks	0
3	0.1	90	ks	0
7	0.1	90	ks	0.012
14	0.1	90	ks	0.129800000000002
21	0.1	90	ks	0.173399999999997
30	0.1	90	ks	0.128400000000002
60	0.1	90	ks	0.0413000000000002
90	0.1	90	ks	0.0287999999999999
150	0.1	90	ks	0.0193999999999999
1	0.3	90	ks	0.999999999999906
3	0.3	90	ks	0.999999999999906
7	0.3	90	ks	0.999999999999906
14	0.3	90	ks	0.999999999999906
21	0.3	90	ks	0.998299999999906
30	0.3	90	ks	0.982099999999908
60	0.3	90	ks	0.684599999999941
90	0.3	90	ks	0.350799999999978
150	0.3	90	ks	0.132200000000002
1	0.5	90	ks	0.999999999999906
3	0.5	90	ks	0.999999999999906
7	0.5	90	ks	0.999999999999906
14	0.5	90	ks	0.999999999999906
21	0.5	90	ks	0.999999999999906
30	0.5	90	ks	0.999999999999906
60	0.5	90	ks	0.991399999999907
90	0.5	90	ks	0.822399999999926
150	0.5	90	ks	0.380699999999974
1	0.7	90	ks	0.999999999999906
3	0.7	90	ks	0.999999999999906
7	0.7	90	ks	0.999999999999906
14	0.7	90	ks	0.999999999999906
21	0.7	90	ks	0.999999999999906
30	0.7	90	ks	0.999999999999906
60	0.7	90	ks	0.999799999999906
90	0.7	90	ks	0.978399999999909
150	0.7	90	ks	0.661399999999943
1	1	90	ks	0.999999999999906
3	1	90	ks	0.999999999999906
7	1	90	ks	0.999999999999906
14	1	90	ks	0.999999999999906
21	1	90	ks	0.999999999999906
30	1	90	ks	0.999999999999906
60	1	90	ks	0.999999999999906
90	1	90	ks	0.999399999999906
150	1	90	ks	0.904599999999917
1	1.5	90	ks	0.999999999999906
3	1.5	90	ks	0.999999999999906
7	1.5	90	ks	0.999999999999906
14	1.5	90	ks	0.999999999999906
21	1.5	90	ks	0.999999999999906
30	1.5	90	ks	0.999999999999906
60	1.5	90	ks	0.999999999999906
90	1.5	90	ks	0.999999999999906
150	1.5	90	ks	0.989499999999907
1	2	90	ks	0.999999999999906
3	2	90	ks	0.999999999999906
7	2	90	ks	0.999999999999906
14	2	90	ks	0.999999999999906
21	2	90	ks	0.999999999999906
30	2	90	ks	0.999999999999906
60	2	90	ks	0.999999999999906
90	2	90	ks	0.999999999999906
150	2	90	ks	0.999399999999906
