TRUEMEAN TRUESD TRUEMEDIAN OBSMEAN OBSSD OBSMEDIAN OBSSKEW OBSKURT OBSPCTF PENETRANCE ROBSMEAN ROBSSD
40 5 40 39.9497053017263 4.98791447329415 40 -0.00431469968141632 0.0115531757604552 0.505060573176883 0.965542311949999 40 5
40 6 40 39.9230068882115 5.99879582709407 40 -0.00250103906689086 0.00968641661610103 0.505134383718467 0.9647483265 40 6
40 7 40 39.8862202884437 6.96614599804274 40 0.00401043735600164 0.00118770759384912 0.50520870716777 0.96383534595 40 7
40 8 40 39.8514404695558 7.96191512007642 40 -0.00170941095418737 0.00446104901569422 0.50533654174085 0.9626816578 40 8
40 9 40 39.829807088015 8.92602440505448 40 -0.0102651556165523 -0.0254672073968112 0.505464432779636 0.96135222755 40 9
40 10 40 39.7457310521302 9.92786276131818 40 -0.0163431964393764 -0.0126411268587812 0.505570609098069 0.95981222715 40 10
40 11 40 39.6950950054221 10.8872295042315 40 -0.0128363083315219 -0.035886757374139 0.505802774100861 0.9578883657 40 11
40 12 40 39.6237387213431 11.8214012187007 40 -0.0084691493186546 -0.0740650857739884 0.505977766716972 0.95559127605 40 12
40 13 40 39.5535741452404 12.7090533666482 40 -0.00968651040080318 -0.106500096606012 0.506156715316862 0.95276375845 40 13
40 14 40 39.4824730811745 13.6188141132746 40 0.0069903032245871 -0.171124206351158 0.506370020992735 0.94880121775 39 14
40 15 40 39.4280608516103 14.3528166659415 39 0.0156048974582654 -0.189254445837473 0.506675888005436 0.9444598973 39 14
41 5 41 40.9432370460806 5.00498470113302 41 0.000406129477951411 -0.000358357372546525 0.505311676092027 0.96360172125 41 5
41 6 41 40.9423156413818 5.98723355631881 41 -0.00087392730110398 -0.0216452701689289 0.505411672517977 0.962689766 41 6
41 7 41 40.8829608611485 6.97386487900601 41 -0.000386740944520558 0.013258315578156 0.505492045352196 0.96171131815 41 7
41 8 41 40.8682555033323 7.9682529774423 41 0.00148529984840304 -0.00121123994060834 0.505603718314799 0.960410668 41 8
41 9 41 40.8288114493055 8.93244387766363 41 -0.0166709876221373 -0.0147823011514041 0.505788391961876 0.9589834252 41 9
41 10 41 40.7430131042896 9.88922752308323 41 -0.025799704162809 -0.0127790821977616 0.505961131014676 0.9573863812 41 10
41 11 41 40.6350616311852 10.8678708770647 41 -0.0177088659340269 -0.0243116660148881 0.506163757616472 0.9554029484 41 11
41 12 41 40.6072171447253 11.8172906427321 41 -0.0199242563835258 -0.0575145709494644 0.506356180004179 0.95290586815 41 12
41 13 41 40.5079797929538 12.7310178442473 41 -0.0243474600109547 -0.0807319122929213 0.506584628521313 0.95001282225 41 13
41 14 41 40.4321697470105 13.5257248561576 41 -0.013792817002544 -0.147315233489262 0.506676217908818 0.9463632608 40 14
41 15 41 40.3184877052628 14.3821376011953 40 -0.00261409897253233 -0.211979912945711 0.507046092123326 0.9417042928 40 14
42 5 42 41.9475551422046 4.99338389024091 42 0.000339311116670167 0.0113420701310916 0.505591987347584 0.961502913149999 42 5
42 6 42 41.9227615558934 5.98903842992384 42 -0.0115813958485895 -0.00232903590088851 0.505704206086082 0.96054139565 42 6
42 7 42 41.8444401280865 6.97980645703775 42 0.00211087271120886 -0.0118574950290795 0.505811368772545 0.95948843435 42 7
42 8 42 41.8526646588018 7.95789180004911 42 -0.0120924365471193 -0.00245484517961181 0.505918925712794 0.95806909905 42 8
42 9 42 41.7711711825707 8.92122178987983 42 0.000259424082293215 -0.00123896041257421 0.50611988737817 0.95655890595 42 9
42 10 42 41.7198807332497 9.89246892346049 42 -0.0185504929128614 -0.0220384921955956 0.506266297873265 0.9547820134 42 10
42 11 42 41.670331541833 10.8352800184702 42 -0.0246958072575813 -0.0471651694773501 0.506523200906523 0.95261846355 42 11
42 12 42 41.5863677584149 11.7947394503502 42 -0.027938159077644 -0.0410093806503657 0.506727980267154 0.94994214775 42 12
42 13 42 41.4335926417061 12.6762241269929 41 -0.0239924776429274 -0.0993300693006063 0.506937633159049 0.9472618542 41 13
42 14 42 41.32375093362 13.5570971180408 41 -0.00471022682862694 -0.150814350652057 0.507181744191757 0.94335121025 41 14
42 15 42 41.3012710918843 14.3858028840234 41 -0.0187351633600437 -0.196182977506813 0.507585180156484 0.93852589235 41 14
43 5 43 42.9340160525184 5.00513550253156 43 -0.00361349053469027 -0.0248280678491155 0.50585581607016 0.95926491845 43 5
43 6 43 42.9005495223245 5.99452324460833 43 -0.00538972877673167 -0.00433668288331379 0.505965448480578 0.9582370661 43 6
43 7 43 42.8635681362688 6.96769987445507 43 -0.00464801970150131 -0.00625728731781416 0.506098570238746 0.95701582445 43 7
43 8 43 42.8166409987984 7.93085575415459 43 -0.0133218760285898 -0.0276210017996705 0.506263524830113 0.9556087686 43 8
43 9 43 42.7327903710034 8.91695769810019 43 -0.0110237683108625 -0.00780771480253772 0.506414678073697 0.95397000515 43 9
43 10 43 42.7126839846315 9.88858993949769 43 -0.0209090257251166 -0.0295117002527396 0.506730447498829 0.95186040395 43 10
43 11 43 42.6144269377693 10.8384979793662 43 -0.0273088806176139 -0.0196375658430012 0.506884578130121 0.9496484645 43 11
43 12 43 42.5115931974851 11.7429968718202 43 -0.0218268855175341 -0.0506783251438354 0.507121175206528 0.94707630825 43 12
43 13 43 42.373216007193 12.6970120571563 42 -0.0264447527217433 -0.0929375622318482 0.507409102825892 0.94383001415 42 13
43 14 43 42.26232314696 13.5733739145835 42 -0.0270868391043401 -0.141059561121705 0.50756477466165 0.9401056169 42 14
43 15 43 42.111239531304 14.3659631725928 42 -0.0345999081162003 -0.186070163145533 0.507834239461946 0.93578390865 42 14
44 5 44 43.9017627742328 4.99605431156406 44 0.0073785200453264 -0.00884777849669049 0.50617418340147 0.95688487705 44 5
44 6 44 43.8788031287767 5.98647732373534 44 -0.0097556970271361 -0.0155196448749146 0.506285893978964 0.9557532103 44 6
44 7 44 43.872284227143 6.95311354993924 44 -0.0112997019993302 -0.03573378237986 0.506435914589543 0.95436117735 44 7
44 8 44 43.822229795219 7.95589405259808 44 -0.0183984326542327 0.00618442065731806 0.506596898053209 0.95277004045 44 8
44 9 44 43.7777946995859 8.92257194528881 44 -0.0115965257449643 0.00809418469593881 0.506806760079227 0.95088998285 44 9
44 10 44 43.6738703893959 9.89113737072158 44 -0.0136982287253563 -0.00953744613377339 0.507044426531268 0.9488454128 44 10
44 11 44 43.5691529892777 10.8463377933149 44 -0.0146544394890407 -0.0410120151128264 0.507135758343278 0.9464919179 44 11
44 12 44 43.4932729028653 11.7389865898418 44 -0.0279464243040484 -0.0494116685341748 0.507580213217684 0.94369806885 43 12
44 13 44 43.3249145346026 12.6874978596443 43 -0.0459798627274196 -0.0958578596574773 0.507811575683108 0.9406828658 43 13
44 14 44 43.223214253356 13.4903403371343 43 -0.0353086100104582 -0.120581664523719 0.508244803756538 0.9368330864 43 13
44 15 44 43.0467320971302 14.3255006235065 43 -0.0279046758593873 -0.180343457751129 0.508388778914851 0.93209431365 43 14
45 5 45 44.9203624031597 4.98736195581882 45 0.00436904215462703 -0.0106468824624928 0.506498762725884 0.95419156485 45 5
45 6 45 44.906633909658 5.98450426674858 45 -0.00339343002270856 0.00263607290548817 0.506649987191849 0.95291293685 45 6
45 7 45 44.855130762506 6.97396800744466 45 -0.000498731779399363 -0.00219563774500298 0.506810276741993 0.9514837569 45 7
45 8 45 44.7903254584003 7.94406336682954 45 -0.00954163161953951 -0.0030777341260495 0.507006120012687 0.94984964045 45 8
45 9 45 44.7412797521967 8.89022658383517 45 -0.010255527175738 0.0021592350472921 0.507227812821028 0.94789386425 45 9
45 10 45 44.6070848562866 9.86839873063667 45 -0.0231393639671325 -0.0126815319493478 0.507496803053945 0.94578046455 45 10
45 11 45 44.509338683414 10.818970584517 45 -0.0383620601706137 -0.0168966918390727 0.507590988131039 0.94330468595 45 11
45 12 45 44.4346451545075 11.7235970887585 45 -0.0470977349833162 -0.043395518901963 0.507904038683685 0.9402597074 44 12
45 13 45 44.2948701162959 12.6688042900638 44 -0.0509222381125194 -0.0829637589283858 0.508295676640144 0.9367059659 44 13
45 14 45 44.1849629203157 13.5013732434369 44 -0.0492090937086808 -0.124862342784471 0.508630687427957 0.9325788261 44 14
45 15 45 43.9755804087693 14.342628660288 44 -0.0445549020243251 -0.179071841201905 0.508969578773061 0.9278971968 44 14
46 5 46 45.9287113154179 4.99025684329429 46 -0.0086083168690574 0.00714142376981686 0.506857416419082 0.95128532035 46 5
46 6 46 45.8724124222652 5.99330830808195 46 0.00491605745512466 0.0110512469144912 0.507028175387725 0.94999975195 46 6
46 7 46 45.8340658454595 6.97161908497367 46 -0.0108538261147743 -0.0109193384353627 0.507255765987509 0.94843316155 46 7
46 8 46 45.7832899490663 7.93043270744438 46 -0.0207632621591489 0.0134039065952032 0.507322751543513 0.9467153513 46 8
46 9 46 45.7516485349865 8.93016613260176 46 -0.013206975815596 -0.0116917229483038 0.507695269557828 0.94432350555 46 9
46 10 46 45.5998952089227 9.85009456028752 46 -0.0137075903482398 -0.00268861400356668 0.507834902729982 0.94226133105 46 10
46 11 46 45.5193453915123 10.7829086884547 46 -0.0215223819822866 -0.0250814920773919 0.50814647745599 0.9394437217 46 11
46 12 46 45.3372977835554 11.7591428929828 45 -0.0470605313046268 -0.0464401194563715 0.508319167000812 0.93642264595 45 12
46 13 46 45.2405886484987 12.5964964555697 45 -0.0407040647829772 -0.0906218902134475 0.508760580166031 0.9326835204 45 13
46 14 46 45.1096808668256 13.4772572595867 45 -0.0555712488905353 -0.108947590799108 0.509170849470697 0.9282538632 45 13
46 15 46 44.8875491135148 14.320309319298 45 -0.0591110418241273 -0.159671700526462 0.509298141014075 0.92357260575 45 14
47 5 47 46.9156453998313 4.99587386022405 47 -0.00742751676015616 -0.00657539818292729 0.507250116547594 0.9481894608 47 5
47 6 47 46.8533964342065 5.97321175019421 47 -0.00469424360701484 -0.00487508754185573 0.507443619385217 0.9468719161 47 6
47 7 47 46.8324802925138 6.95466100594346 47 -0.00143101915612164 -0.0110710984376388 0.507692146740696 0.94510488035 47 7
47 8 47 46.7385789085422 7.90518898014905 47 -0.00765759140286223 -0.00454604447234752 0.507864366396015 0.94335996715 47 8
47 9 47 46.6399749203739 8.88697089412572 47 -0.0114825412480549 -0.0231852706723386 0.508018399094764 0.94120462025 47 9
47 10 47 46.5840926918667 9.88330386103472 47 -0.0263089435049178 -0.00623976227154133 0.508402214174822 0.93834463285 47 10
47 11 47 46.4973103283885 10.789074652888 47 -0.0270580558311588 -0.0265605782753178 0.508629244010408 0.93534926875 46 11
47 12 47 46.3580832224146 11.6907382331236 46 -0.052968218365825 -0.0328597553422942 0.509073778863461 0.93207513675 46 12
47 13 47 46.2124279184616 12.6082825095543 46 -0.0516729519386503 -0.0822255315544878 0.509308677559829 0.9279984718 46 13
47 14 47 46.000871695785 13.4601254689024 46 -0.0629974136045597 -0.110444953666039 0.509498231757599 0.9239771648 46 13
47 15 47 45.7602205961078 14.3216201392136 46 -0.076531272649356 -0.152838906373805 0.50976288671661 0.9190263147 46 14
48 5 48 47.9062595677251 4.98220738213313 48 -0.00394328608667836 -0.00584897390288797 0.507686789952828 0.9448477706 48 5
48 6 48 47.8564014024995 5.9890506507088 48 -0.0126584666702492 -0.000573707573495508 0.507925766763764 0.94334516115 48 6
48 7 48 47.7832236269733 6.96068091291535 48 0.00881496604565344 0.000677130181750751 0.508100759826768 0.94165696035 48 7
48 8 48 47.7375405945662 7.93251481155643 48 -0.0134232273520255 -0.00558633580453227 0.508302380074384 0.9395667905 48 8
48 9 48 47.6875974919971 8.89558540543485 48 -0.0240611401812461 -0.0157174077852127 0.508574868117718 0.93704925425 48 9
48 10 48 47.5346268212008 9.8175051505345 48 -0.024182792118208 0.00790674870959718 0.508874125990773 0.93456063545 48 10
48 11 48 47.4410544088207 10.7689952581912 47 -0.0430116934163951 -0.0148253528768554 0.5092420919662 0.9312357074 47 11
48 12 48 47.3263638077525 11.6730069482115 47 -0.0446091718035619 -0.0538009899661853 0.509539771462093 0.92743088345 47 12
48 13 48 47.1320954847827 12.5585945724423 47 -0.0535586277426964 -0.0820168729118764 0.509731086231611 0.9236316775 47 13
48 14 48 46.9491871141177 13.473389380813 47 -0.0685812488788397 -0.0981381902814298 0.510021615236003 0.91864190135 47 13
48 15 48 46.7602929771974 14.2214295112319 47 -0.0846133137860201 -0.13595990173472 0.510588986287947 0.9135760815 47 14
49 5 49 48.8818737017961 4.9815309784608 49 0.0017330858914533 0.0131872135873117 0.508124641881058 0.94129506715 49 5
49 6 49 48.8441649768699 5.97291053940707 49 -0.000953185873147528 -0.00171392389869407 0.508366591993661 0.93967002705 49 6
49 7 49 48.8108038928564 6.94474084188954 49 -0.0039259123425833 -0.00460892461752538 0.50857779790204 0.9377311044 49 7
49 8 49 48.7302082106448 7.94038550696085 49 -0.00960443450531761 -0.0155835509751148 0.508788805087399 0.9355223228 49 8
49 9 49 48.666581989303 8.86507519038579 49 -0.0157670778786815 -0.0284985223917875 0.509091263136333 0.9329337049 49 9
49 10 49 48.5660178341566 9.80789610263089 49 -0.0269982364518019 -0.0125412563442149 0.509406551221463 0.9299917785 49 10
49 11 49 48.3767629699545 10.736746827369 48 -0.0449170337688241 -0.025308581283908 0.509689166765245 0.92692769075 48 11
49 12 49 48.1779988306216 11.6763742506024 48 -0.0572923865500723 -0.0353456349035044 0.509944658397535 0.92326098675 48 12
49 13 49 48.0441968434862 12.506934148092 48 -0.0670578114432674 -0.0528475448589876 0.510101180069168 0.91883074665 48 13
49 14 49 47.8689280456677 13.3943813531686 48 -0.0803200306658484 -0.0952683904628855 0.510787439559554 0.91370513555 48 13
49 15 49 47.5511186621923 14.215338837275 48 -0.0857184287957621 -0.143151060197766 0.510906560562584 0.90887261095 48 14
50 5 50 49.8966158376357 4.99345589212657 50 -0.00188547994970802 -0.00263739743440805 0.508619737863952 0.93729308275 50 5
50 6 50 49.8411312581826 5.99615751477304 50 -0.0130689405238881 -0.00312103957975474 0.508856666574237 0.9356146955 50 6
50 7 50 49.7851640819315 6.94021490385429 50 -0.0138971410944227 0.00418856125712797 0.509179239797052 0.9336339326 50 7
50 8 50 49.691656515971 7.91870074746736 50 -0.013144488893821 -0.0121638290842352 0.509371981731946 0.9313595619 50 8
50 9 50 49.5692495578501 8.87665715472114 50 -0.0135443566654436 -0.0181417590084139 0.509580898877045 0.9287407804 50 9
50 10 50 49.4664239559436 9.78732871890014 50 -0.0416059120896471 -0.0175726686145588 0.509902358622959 0.92571968195 49 10
50 11 50 49.3368564599119 10.7436518403654 49 -0.0362582168177013 -0.0469535579356428 0.510416537798936 0.92178251645 49 11
50 12 50 49.1654979293675 11.6566745777088 49 -0.0591380866268604 -0.0644700529437241 0.510657352660015 0.91790104795 49 12
50 13 50 49.0291663448532 12.4919136602872 49 -0.0684741712977947 -0.0813020754330012 0.510864166117263 0.9132554485 49 12
50 14 50 48.7029200926519 13.3407451191007 49 -0.0777413202732416 -0.0991198665820829 0.511198445231311 0.90852122905 49 13
50 15 50 48.4708692964691 14.1832803815806 49 -0.102742204469996 -0.138557126790553 0.511453826968481 0.90282954365 48 14
51 5 51 50.887123749645 4.98147577537213 51 0.00836005021272019 -0.0105304256994692 0.509167548667109 0.9331016677 51 5
51 6 51 50.8096739600678 5.94714806719702 51 -0.0110991338310812 -0.00374771515531114 0.509457039112655 0.9314723874 51 6
51 7 51 50.7397592230505 6.94917481746964 51 -0.000258844634880145 0.0092671906047932 0.509681967997138 0.92931324785 51 7
51 8 51 50.6890153386997 7.90903632204742 51 -0.00757864372460135 -0.00782161214097243 0.509961836102457 0.9266769454 51 8
51 9 51 50.5960113555758 8.8345208093482 51 -0.0384416610291499 0.000953357524526854 0.510317913166495 0.9238796689 51 9
51 10 51 50.4334797605539 9.7885072882174 51 -0.034955001358973 -0.0260118300208161 0.510680875183562 0.920591696 50 10
51 11 51 50.2912777458931 10.7208621292701 50 -0.0380767377597969 -0.052544949272999 0.511010475325007 0.9165902245 50 11
51 12 51 50.0987579273366 11.6043561189038 50 -0.0527217795462991 -0.0512213710584843 0.511526788568533 0.9123344579 50 12
51 13 51 49.8521446997966 12.5157774113766 50 -0.0762475573989308 -0.0585990137515329 0.511550329037073 0.90752435635 50 13
51 14 51 49.6732467906243 13.3488259035908 50 -0.0945392303209627 -0.0975625663971118 0.51207963697384 0.9020422115 50 13
51 15 51 49.3991955086676 14.1083333483182 50 -0.103498416545721 -0.141504143106342 0.512419360985483 0.89630679775 49 14
52 5 52 51.8607240187331 4.99181848960774 52 -0.00856482190115963 -0.0152132242905201 0.509863898908067 0.9285995006 52 5
52 6 52 51.8100594489977 5.95516560438502 52 -0.00889215991910396 -0.0103499793271626 0.510037237094297 0.92678572675 52 6
52 7 52 51.7342734534738 6.93801239280497 52 -0.0103702356622434 -0.00576636592370638 0.510347364889669 0.9245061909 52 7
52 8 52 51.6477158462855 7.90250434763039 52 -0.0219988107405461 0.00504229574608273 0.510615940961585 0.92184671245 52 8
52 9 52 51.5244048868038 8.83764374839946 52 -0.0270634579717557 -0.0172195633603711 0.510852261687845 0.9189226621 52 9
52 10 52 51.4001353028394 9.77244343602702 51 -0.0312640439841385 -0.0126779733214786 0.511190438601432 0.9151786507 51 10
52 11 52 51.2586446479932 10.6969573343853 51 -0.0438645152282643 -0.052085128722029 0.511539383349431 0.9109543276 51 11
52 12 52 51.0342836924302 11.5663922349525 51 -0.058675741691066 -0.0546336296328342 0.511850464975218 0.90670573665 51 12
52 13 52 50.830552173391 12.4234305543307 51 -0.0873917098176494 -0.0877909947522046 0.512268264126436 0.90167604895 51 12
52 14 52 50.5160301849402 13.271729176798 51 -0.095426679191092 -0.0856266328234914 0.512529911055172 0.8959831439 51 13
52 15 52 50.2367419552417 14.0525736401957 51 -0.119542967417883 -0.121102531818531 0.512566961266706 0.89053199795 50 14
53 5 53 52.844304480681 4.98246394966074 53 0.00208668752938733 -0.00520686493927736 0.510482752634508 0.9238080481 53 5
53 6 53 52.801269027221 5.96302010189352 53 -0.0165634492568184 -0.0202826058443377 0.510709546205492 0.9217761295 53 6
53 7 53 52.7311101033871 6.93263223694428 53 -0.00964387790379164 -0.0137653784208553 0.510951809396376 0.91935743315 53 7
53 8 53 52.6369028615989 7.86300673759106 53 -0.0174368874610405 -0.00916803220378881 0.51119959945839 0.9166516301 53 8
53 9 53 52.4774656486353 8.85087697574336 53 -0.0280221447944754 0.00213359839240645 0.51162523829661 0.91332318565 52 9
53 10 53 52.347901233629 9.74363415335463 52 -0.0467909461285031 -0.00836531473670377 0.51190310010789 0.90964680435 52 10
53 11 53 52.1895267419271 10.6735783104536 52 -0.0579850149734767 -0.0462667877886784 0.512245150367361 0.90505210165 52 11
53 12 53 51.9176475702769 11.5105484064262 52 -0.0644256406452111 -0.0489062913429295 0.512535596002207 0.90094810195 52 12
53 13 53 51.7394736460369 12.4009630172664 52 -0.0890322742611574 -0.0866808864768358 0.512982799766703 0.8948793911 52 12
53 14 53 51.4423501293022 13.2545974588277 52 -0.1145864906267 -0.0824416374966073 0.51321878167842 0.8890941303 51 13
53 15 53 51.1656333042881 14.0126644671123 52 -0.133529880260392 -0.131713793540398 0.513530764691115 0.8831375959 51 14
54 5 54 53.8612310176693 4.9799372096668 54 -0.000279183583680047 0.0182361179646802 0.511223118022015 0.9184530297 54 5
54 6 54 53.782907841016 5.97299968925003 54 -0.00599193335971494 -0.00859185291629405 0.511368680800335 0.91645436335 54 6
54 7 54 53.692155453821 6.93977025859472 54 -0.0118299841731191 -0.00599438839822319 0.51164225319161 0.91395414615 54 7
54 8 54 53.6070159220292 7.86874085996395 54 -0.0117485757490176 -0.0250505582226377 0.512041115372117 0.91085590795 54 8
54 9 54 53.4305984631859 8.85518748646881 53 -0.0381407885621003 -0.0176309292989645 0.512343872564491 0.90746008325 53 9
54 10 54 53.3334902380321 9.7102924314045 53 -0.0449466714979354 -0.054008040175014 0.51241628317431 0.9034864333 53 10
54 11 54 53.1331481020329 10.6224193209356 53 -0.0627215179550991 -0.0511689887342861 0.513009809528129 0.89878517435 53 11
54 12 54 52.91066202205 11.5146045717935 53 -0.0691344670073175 -0.0590713684606516 0.513453468233818 0.8933742282 53 12
54 13 54 52.5812910948857 12.3699234930609 53 -0.0942786421731391 -0.089377175428409 0.513582853877404 0.8883244684 53 12
54 14 54 52.3136695977951 13.2405447519389 53 -0.121367578460564 -0.111910909879606 0.513890010704111 0.8815796266 52 13
54 15 54 51.9534037135517 13.9561556533115 52 -0.127380876882545 -0.126118257428475 0.514168689340217 0.87590957265 52 14
55 5 55 54.8365510841863 4.96957295079778 55 -0.00583712711581581 -0.00106208465792967 0.511889396934188 0.9130210565 55 5
55 6 55 54.7526084339107 5.94484225456474 55 -0.0117196264882025 -0.00397398838487462 0.512203922983819 0.91087066755 55 6
55 7 55 54.6727444497718 6.93472604484285 55 -0.0149597766393109 -0.019619041713578 0.512439702960095 0.90805826805 55 7
55 8 55 54.5735767526449 7.86159059946388 55 -0.0266677096023183 -0.00274139043491539 0.512841195392144 0.9048088745 55 8
55 9 55 54.4167034400981 8.80735807109508 54 -0.0273563547113269 -0.0276460573805708 0.513129317779968 0.90108092235 54 9
55 10 55 54.2187397364228 9.72856432739095 54 -0.0550745363398584 -0.0226036751168959 0.51341709985438 0.89703662905 54 10
55 11 55 54.0276404950363 10.6128666206427 54 -0.0660351075688222 -0.0521396269252765 0.513858364639654 0.8921482961 54 11
55 12 55 53.8149693528377 11.4969893989156 54 -0.0964774273583522 -0.072091807953099 0.514112867905627 0.8865899464 54 11
55 13 55 53.5388861312002 12.3147525053097 54 -0.0992278432395073 -0.0971933588890561 0.514480848914935 0.8809134309 54 12
55 14 55 53.2163717046718 13.1270179097743 53 -0.120807233996787 -0.0971703360976637 0.514809783901281 0.87427472685 53 13
55 15 55 52.9046324255576 13.8959193799542 53 -0.141412019822617 -0.122760923174812 0.514965919969215 0.86740980185 53 14
56 5 56 55.8214198626795 4.97989197766909 56 -0.00855053263831696 -0.0138171191397114 0.51275694618887 0.90703468555 56 5
56 6 56 55.7421957060661 5.95057899753859 56 0.00202284553652786 -0.0123525856722217 0.512897743910622 0.9047408625 56 6
56 7 56 55.649097114917 6.91365234615449 56 -0.00537010013351717 -0.00578422569443804 0.513126938902632 0.90184880975 56 7
56 8 56 55.5074510073198 7.87769249222862 56 -0.0285326319668102 -0.0137356345794264 0.513684441677254 0.89840408655 56 8
56 9 56 55.3640424853616 8.7900095323901 55 -0.0411703867999116 -0.0296175371503895 0.513924869089557 0.89445997265 55 9
56 10 56 55.1520272873379 9.70994703922508 55 -0.0550885646312147 -0.0494821277995334 0.514347189546248 0.8900871358 55 10
56 11 56 54.9682037552772 10.5693457434368 55 -0.0595454454386008 -0.0483724311666411 0.514540101349619 0.8845989234 55 11
56 12 56 54.7132665609511 11.434200706257 55 -0.0916792688803055 -0.067703386678259 0.514895978477902 0.8791144482 55 11
56 13 56 54.4286193095217 12.2830748740916 55 -0.117892820812351 -0.0927765829256759 0.515189841014225 0.87289964145 54 12
56 14 56 54.1430704516471 13.0583650707341 54 -0.138923994536247 -0.0863770512609627 0.515530780729103 0.86603865315 54 13
56 15 56 53.7112337415703 13.8160281195245 54 -0.148605213753903 -0.11885804961793 0.515908668632881 0.85940975895 54 14
57 5 57 56.8077652747818 4.98039098752763 57 -0.0118406914110352 -0.0111055465169101 0.513586775560094 0.9006832928 57 5
57 6 57 56.728480887556 5.95131521848419 57 -0.0123458377923212 -0.0121371237355281 0.513901504025168 0.8981176373 57 6
57 7 57 56.6155170323729 6.90381738131954 57 -0.0103417797065167 -0.01092222923385 0.514181712237328 0.89508416985 57 7
57 8 57 56.4939553589719 7.83927478449784 57 -0.0378114082139688 -0.000828504648664019 0.514498709599504 0.8914957439 56 8
57 9 57 56.3165499084272 8.7726701150676 56 -0.0461889203370819 -0.0398966563972278 0.514928916179773 0.8872833058 56 9
57 10 57 56.1329176833423 9.66762673068872 56 -0.0486490107551035 -0.0494268905550683 0.515369346989235 0.8822033792 56 10
57 11 57 55.872511330928 10.5655360054924 56 -0.0791666620839666 -0.0439450288705516 0.515582328998724 0.87701804885 56 11
57 12 57 55.6403711795937 11.3757083815187 56 -0.0909928194840234 -0.0545909388899943 0.516002163273518 0.8708509507 56 11
57 13 57 55.285568787064 12.2401157233704 56 -0.115357000031299 -0.0981462950554479 0.516095576249174 0.86451459765 55 12
57 14 57 54.9677719973361 12.9925271021039 55 -0.142586448273527 -0.092325424315328 0.516298616598577 0.8577112981 55 13
57 15 57 54.6031545297034 13.7680306344758 55 -0.163981098239915 -0.115892596827083 0.516626190399522 0.85040135685 55 14
58 5 58 57.7898235519091 4.97019550868368 58 -0.00325868313789354 0.00244015445356993 0.514512031052902 0.89390914185 58 5
58 6 58 57.7250789286626 5.92493967552839 58 -0.0214726350619889 -0.00493425837585892 0.514834524394028 0.89110028565 58 6
58 7 58 57.5977656559598 6.8938915559579 58 -0.0137417302697439 -0.0133872075203931 0.515021959912301 0.88787275115 58 7
58 8 58 57.4312724945607 7.81346007611013 57 -0.0226497678088943 -0.0189412471847175 0.515406517187824 0.88424147125 57 8
58 9 58 57.2822546615637 8.73677927287883 57 -0.0379194629049655 -0.0327116500372648 0.515619014986207 0.87949672 57 9
58 10 58 57.0331391144155 9.63768592364989 57 -0.0516175616386176 -0.0682638687396295 0.516042468201356 0.87455381235 57 10
58 11 58 56.7892952989298 10.5112338444046 57 -0.0768235224326845 -0.068776508469921 0.516253644915944 0.86877279515 57 11
58 12 58 56.5261162440686 11.3256412536615 57 -0.107440850182319 -0.064248797598712 0.516676751497847 0.86238189595 57 11
58 13 58 56.170449946556 12.1740851784919 56 -0.13853595641445 -0.0732591592979341 0.517109835927603 0.855871936 56 12
58 14 58 55.817438449057 12.921818403727 56 -0.144618469703755 -0.100479759466604 0.517432976326042 0.8485270113 56 13
58 15 58 55.4710086902039 13.730914082001 56 -0.175913462726736 -0.111586828125057 0.517641384964815 0.84006280145 55 14
59 5 59 58.7918725833995 4.94679472644826 59 -0.00513500157351043 0.00927586254881207 0.515614707026067 0.8865077889 59 5
59 6 59 58.6760172920156 5.93453467229282 59 -0.0204748149232569 -0.0258848844595336 0.515752834041161 0.88379373125 59 6
59 7 59 58.5711261505079 6.89085038268501 59 -0.0217038536610259 -0.0236713134682804 0.516031285914524 0.8801109515 59 7
59 8 59 58.3939892623441 7.80491000381557 58 -0.0313999386212698 -0.0269882081929853 0.516386504223424 0.8762245354 58 8
59 9 59 58.1858340137134 8.72209206179056 58 -0.0394279177644474 -0.0498530522570082 0.516606675005635 0.8715908028 58 9
59 10 59 58.0038286758758 9.61322805264836 58 -0.0613249594199232 -0.0491604748096148 0.517001907492914 0.8656762958 58 10
59 11 59 57.6913554669236 10.4554781866832 58 -0.0807864136373523 -0.0731649263309215 0.517440461297543 0.86008012455 58 10
59 12 59 57.4491009155125 11.2916251874742 58 -0.112093496343364 -0.0669700917130052 0.517674010984757 0.85302287285 57 11
59 13 59 57.0908049730117 12.0647868139074 57 -0.126874647303776 -0.0807127818911315 0.517687434676775 0.8463292571 57 12
59 14 59 56.6482014083358 12.893064198124 57 -0.161225835610679 -0.0913226112714409 0.518706713988248 0.8386732464 57 13
59 15 59 56.2689588038434 13.6118233979671 57 -0.186098742074116 -0.0851298230559943 0.518756365074025 0.8309387847 56 14
60 5 60 59.771561282347 4.95062961089561 60 -0.00648632937035025 0.00371494416963314 0.516572165862043 0.8787674207 60 5
60 6 60 59.6664308119101 5.93241304170118 60 -0.00594038624914199 -0.0100245359045075 0.516724745485178 0.8756317645 60 6
60 7 60 59.5276328255757 6.87921585033212 60 -0.0189944927361486 -0.00270175179822063 0.516944180041562 0.8719510129 60 7
60 8 60 59.3535443587993 7.81167973802706 59 -0.0377328170434591 -0.0194585987514277 0.51746759315913 0.8675157311 59 8
60 9 60 59.1570530806662 8.699324949746 59 -0.0523229152292266 -0.0379235009838506 0.517946074743143 0.86230678555 59 9
60 10 60 58.902253496867 9.6000441638623 59 -0.0701509603684528 -0.0744207404856803 0.518104154716139 0.85658917625 59 10
60 11 60 58.6021449878135 10.4367948510064 59 -0.0812237965672989 -0.0697352037612178 0.518602866160491 0.8500934917 59 10
60 12 60 58.2839437079217 11.2463643867314 58 -0.106003520848982 -0.0878560138537359 0.518606629033548 0.8434486022 58 11
60 13 60 57.8983406729372 12.0473338320071 58 -0.135585651262971 -0.0987901156532303 0.519372010092746 0.8363245204 58 12
60 14 60 57.5603062340672 12.7667707171687 58 -0.154826276682306 -0.109091080931535 0.518940010367964 0.8281379284 58 13
60 15 60 57.0999866293024 13.5367910371088 58 -0.202896421254757 -0.0842236730870769 0.519066273694713 0.8209646442 57 14
61 5 61 60.7451063538542 4.94472824908261 61 -0.010690481769171 -0.0214904714314588 0.517658611495711 0.87052928135 61 5
61 6 61 60.6382821876884 5.91354251984428 61 -0.0186726032691578 -0.0115026723369338 0.517864387157254 0.86714245435 61 6
61 7 61 60.5046042241287 6.88577564922975 61 -0.0300827151780411 -0.0100326017339625 0.518246930783804 0.86285629 61 7
61 8 61 60.3113463295124 7.7688721468833 60 -0.040070029263405 -0.0156108554603658 0.518390131125841 0.85852301525 60 8
61 9 61 60.0872721676813 8.67534499600332 60 -0.0635346715839193 -0.035847630261939 0.518661674010295 0.8531630625 60 9
61 10 61 59.8334444834071 9.53411119287664 60 -0.0807662845607592 -0.0046057535353623 0.519197094546683 0.84700865985 60 10
61 11 61 59.5003112292772 10.3888409163121 60 -0.0990434330448895 -0.0804735693084506 0.519703656669621 0.84057058305 60 10
61 12 61 59.1548699093737 11.2287728374769 59 -0.131398256747001 -0.0644253958364795 0.51977495939308 0.8331863683 59 11
61 13 61 58.8011797556819 11.9426685689408 59 -0.140889291377522 -0.105418214740521 0.520428639355033 0.82551343885 59 12
61 14 61 58.350656956217 12.7524132147987 59 -0.184372969759883 -0.0759168619611819 0.520293746492667 0.8175342072 58 13
61 15 61 57.9054837320393 13.5038565933111 58 -0.20890968990314 -0.0888671340263327 0.520580137926349 0.80944744805 58 14
62 5 62 61.7494801567145 4.95268708497921 62 -0.0196490695848796 -0.0029654317635166 0.518819059088826 0.8613562731 62 5
62 6 62 61.603999163604 5.91907255366427 62 -0.026041139524592 -0.0307572003238308 0.519050080604349 0.8579582307 62 6
62 7 62 61.4528395328755 6.84586145510632 62 -0.0319626625044875 -0.0149414658269307 0.519460569401276 0.853608659 61 7
62 8 62 61.2374148513043 7.77656055847118 61 -0.0401048977506141 -0.0340407892705339 0.519653131379798 0.8486917722 61 8
62 9 62 60.9939119405514 8.64853249253258 61 -0.0660623425786389 -0.0362007925562597 0.51999794731184 0.8433029594 61 9
62 10 62 60.7607280423746 9.49357912657472 61 -0.0822592671719055 -0.0420426349744663 0.520415513925896 0.83636777095 61 9
62 11 62 60.3884155664374 10.3507774342271 61 -0.0988354858908197 -0.0800207210489132 0.52073104574519 0.82945257255 60 10
62 12 62 60.0421171532765 11.1630248749712 60 -0.139637531626968 -0.0545371598297573 0.521168686020468 0.821974006 60 11
62 13 62 59.5888535776992 11.9262880778462 60 -0.159561484601435 -0.0981614147863761 0.520995474775521 0.81483841675 60 12
62 14 62 59.1921428182668 12.6431189722136 60 -0.181987636156436 -0.0944341298340365 0.521238485550475 0.8062657038 59 13
62 15 62 58.6938270864406 13.3958483052653 59 -0.217020196741118 -0.100899298402362 0.521402490287325 0.79827473325 59 13
63 5 63 62.7039876131319 4.95204818770572 63 -0.00877485902623876 -0.00716403562993762 0.520061344483003 0.85197884865 63 5
63 6 63 62.5822748223859 5.90128244356744 63 -0.0190255931004537 0.000313626494793606 0.520364931654727 0.8480507788 63 6
63 7 63 62.3818593303537 6.84495195737286 62 -0.0360480209886722 -0.0230263438741982 0.520594628988627 0.84368492555 62 7
63 8 63 62.1668926052456 7.77204487756358 62 -0.0601589620206743 -0.0338161818043319 0.52096623699544 0.83832130815 62 8
63 9 63 61.9376926722554 8.62699199388103 62 -0.0701916739673989 -0.0511979996181871 0.521259668820384 0.83210775645 62 9
63 10 63 61.6155302191778 9.47859924577307 62 -0.0929702354515837 -0.063346925500241 0.521769528895106 0.8257800243 62 9
63 11 63 61.2538915700733 10.3230247766831 61 -0.114394032736408 -0.0704947564631611 0.521969848383484 0.81812758155 61 10
63 12 63 60.8639401194337 11.0785287944269 61 -0.137306910922419 -0.0875592498867608 0.522062328317348 0.81110271625 61 11
63 13 63 60.4601943502781 11.8430698689231 61 -0.163309275372488 -0.107247000345684 0.521795188458595 0.8026447068 60 12
63 14 63 59.9959238679831 12.5853278805953 60 -0.198174405978633 -0.0944745732621168 0.522262205026384 0.7944058452 60 13
63 15 63 59.4716151890705 13.2999008178042 60 -0.22547807780541 -0.0840365501987734 0.522236648689252 0.78632576875 59 13
64 5 64 63.6742470692535 4.94554875297745 64 -0.0180077781151064 0.0036845871217146 0.52140881027917 0.84181690575 64 5
64 6 64 63.5235215137479 5.90275154386317 64 -0.0223002338132384 0.0141273823027044 0.521762314569659 0.83767450455 64 6
64 7 64 63.3293813339543 6.83724110220942 63 -0.0284561140317119 -0.0416183301318642 0.521908777624438 0.83285281305 63 7
64 8 64 63.1173489708148 7.70644383752938 63 -0.0573805198836876 -0.0418178980201684 0.522417656135139 0.82734030325 63 8
64 9 64 62.8283837683208 8.56983279425234 63 -0.0748012947298281 -0.0342257339561067 0.522330255358865 0.82130721885 63 9
64 10 64 62.5264249230304 9.42371209692025 63 -0.0902424936755269 -0.0650398938457153 0.522967965377707 0.8137186748 63 9
64 11 64 62.1594899872795 10.253360951711 62 -0.136178140943822 -0.0431005679662406 0.5227790587389 0.80662698295 62 10
64 12 64 61.7325054139957 10.9938159375035 62 -0.144383477093134 -0.0686250150585117 0.523291888013348 0.79915945905 62 11
64 13 64 61.2364060240793 11.8006119746441 62 -0.179015478305492 -0.0760170300204801 0.522766071982996 0.79086618405 61 12
64 14 64 60.8165866896683 12.4831068159021 61 -0.20116849853268 -0.086553430866612 0.523651251846294 0.7818051184 61 12
64 15 64 60.2630476904392 13.2164389103938 61 -0.224032873678492 -0.0808568649993715 0.523026335058154 0.77309634295 60 13
65 5 65 64.6436996090633 4.93492596676919 65 -0.0106376134449653 0.00289337030026582 0.522866088343364 0.8308938116 65 5
65 6 65 64.4985598206495 5.88493220404407 65 -0.0148395212271748 -0.0328102178543888 0.523140618741932 0.8262871215 64 6
65 7 65 64.2822961984923 6.81313828481509 64 -0.037159838354084 -0.0181255005470304 0.523238413372567 0.8213194784 64 7
65 8 65 64.0220969827891 7.70566956710118 64 -0.0519217331889149 -0.0227730707283449 0.5237176656161 0.81546182445 64 8
65 9 65 63.7636758299806 8.54457622232779 64 -0.0739785978726883 -0.0490612923539948 0.523969240791823 0.8085523742 64 9
65 10 65 63.4320031007901 9.37181201050297 64 -0.104188622522824 -0.0643508699297008 0.524200245964167 0.8012871224 63 9
65 11 65 62.9962690842591 10.1889073039085 63 -0.132265310719055 -0.0815305842872851 0.524307729115493 0.79399640885 63 10
65 12 65 62.5762230779218 10.9766409332334 63 -0.167771558909874 -0.0778067264976796 0.525013798916765 0.78538130455 63 11
65 13 65 62.0724515204846 11.6896980222884 62 -0.176704899726718 -0.0886138349035552 0.524561058054476 0.77749869255 62 12
65 14 65 61.6045285534443 12.4274700399406 62 -0.214015232340904 -0.0809985881903432 0.524949162928132 0.7680027304 62 12
65 15 65 61.0081362703994 13.1563394387503 62 -0.235811848544349 -0.103313443145062 0.524373850104865 0.7604953801 61 13
66 5 66 65.6186349384207 4.94138082832771 66 -0.0134044228135547 -0.00947030250843728 0.524273809401234 0.81907110855 66 5
66 6 66 65.4399834882938 5.86788919993391 65 -0.033724846400837 0.00855680743958853 0.52452107646435 0.8145985548 65 6
66 7 66 65.2147114228269 6.77275743344615 65 -0.0386861459563097 -0.0204071327593303 0.524858623167171 0.80925873045 65 7
66 8 66 64.9660513291376 7.67842704141127 65 -0.0542968475206827 -0.0389407403990427 0.525354645226175 0.8022935923 65 8
66 9 66 64.6655366730413 8.52653850843338 65 -0.0922128266021966 -0.0568065730229734 0.525120133726983 0.79570478375 65 9
66 10 66 64.2909369359478 9.35188979203686 64 -0.105333499483435 -0.0535984255740574 0.525376665745178 0.78782260545 64 9
66 11 66 63.880080634128 10.1162114309884 64 -0.143903747197025 -0.0713514680300675 0.525634973147441 0.7799148271 64 10
66 12 66 63.4056154458054 10.9043469909245 64 -0.162711888081911 -0.0770947541146891 0.525816260779709 0.77155244305 63 11
66 13 66 62.9082703736442 11.6080293852016 63 -0.194719108903082 -0.0780812183131823 0.525847960798511 0.76336858365 63 12
66 14 66 62.3978445560526 12.351461117524 63 -0.231891133258289 -0.0757882266552663 0.526335540295965 0.75459736355 62 12
66 15 66 61.8191323472557 13.026335573775 62 -0.255906743588603 -0.0675714003892334 0.525676755671831 0.746337742 62 13
67 5 67 66.592347141737 4.91591591310388 67 -0.00800114321111739 -0.00337777316422549 0.526171042980314 0.8064035551 67 5
67 6 67 66.3850815912973 5.84540631816628 66 -0.0240156792979875 -0.0162181943809898 0.52614984521696 0.8018582644 66 6
67 7 67 66.1661427443242 6.76691349862417 66 -0.0599499906559334 -0.0242881266207857 0.526359823146945 0.79581805265 66 7
67 8 67 65.876191065283 7.63414509528195 66 -0.0657613831158847 -0.0250629017578574 0.526940411928225 0.78910323575 66 8
67 9 67 65.5093655859233 8.4697677597832 66 -0.0991729336096577 -0.0313971580593795 0.5266968251689 0.7824943853 66 8
67 10 67 65.1337262708952 9.2970047508451 65 -0.120703895395165 -0.0594789680260437 0.527299846467304 0.7744648079 65 9
67 11 67 64.7236469331535 10.0713739412736 65 -0.146864011933153 -0.0650134073460982 0.526934341475495 0.76625576845 65 10
67 12 67 64.2267570660216 10.8224806103391 65 -0.168793096995072 -0.0938587430554954 0.527121484112333 0.757280736 64 11
67 13 67 63.6758043922442 11.5528087162054 64 -0.21664446989012 -0.0654354613469481 0.52727958205705 0.7494250776 64 12
67 14 67 63.1455399699849 12.2149911367169 64 -0.23127570512826 -0.0737358534908119 0.52661185376421 0.7409286168 63 12
67 15 67 62.5589447356516 12.9035368480819 63 -0.260694980077609 -0.0639576818743168 0.527199468602106 0.73221389235 63 13
68 5 68 67.5416157338813 4.91808198536457 68 -0.0138015055751322 -0.00386077800123896 0.527531161340213 0.7932306371 68 5
68 6 68 67.346273478897 5.84701064808364 67 -0.0279361095072545 -0.0290116566729099 0.527676296630626 0.7878269568 67 6
68 7 68 67.0884632445657 6.74203765767224 67 -0.0544124982437142 -0.025123474365107 0.52823379209539 0.7818061483 67 7
68 8 68 66.7722478515984 7.60786853530155 67 -0.0662988353009153 -0.0435755970632723 0.527992698180206 0.77508628805 67 8
68 9 68 66.4346402701949 8.44162271515221 67 -0.105009263871184 -0.0580225819210565 0.528531405246416 0.76741052135 66 8
68 10 68 65.9871062724913 9.21474578632485 66 -0.118932710582477 -0.0842816410524496 0.528882071624268 0.759675171 66 9
68 11 68 65.5234412896184 10.0352136584121 66 -0.163640064688284 -0.0794859326935891 0.528939849779947 0.75104166885 66 10
68 12 68 65.0185037598147 10.7523446987121 65 -0.187101196934971 -0.0649586974646046 0.528261599588386 0.7427536748 65 11
68 13 68 64.4734903817815 11.4605412075586 65 -0.209268865292753 -0.0867904817215441 0.528536649104607 0.73418309025 64 11
68 14 68 63.8941374444307 12.151027025264 64 -0.235125604281027 -0.0983564650328681 0.528221611488958 0.72558005885 64 12
68 15 68 63.3131782655776 12.8231146203824 64 -0.27256253686155 -0.0654310065314649 0.528326686807774 0.7177917431 63 13
69 5 69 68.5086914082265 4.90151230324107 69 -0.0294370167382726 0.0123382500464495 0.529278389918471 0.7788881702 69 5
69 6 69 68.2860335149308 5.82677118824912 68 -0.0339692392158443 -0.0132459288963558 0.529661555742153 0.77327148395 68 6
69 7 69 68.0071001456104 6.72889581902296 68 -0.062725890886776 -0.0110094805381697 0.529754688043707 0.7668175202 68 7
69 8 69 67.6936884619099 7.57307595545191 68 -0.0779277994035623 -0.0432146371801654 0.530115879146991 0.7594862776 68 8
69 9 69 67.2665797295378 8.41874433157076 67 -0.111452122980377 -0.0577623488980552 0.529999003944889 0.7522354856 67 8
69 10 69 66.8360216610891 9.17466931505592 67 -0.136667272856676 -0.0499078135475552 0.530281302985448 0.74424759185 67 9
69 11 69 66.3546925519293 9.92291270531672 67 -0.154446250325053 -0.0827708678604506 0.530222513816608 0.7356541562 66 10
69 12 69 65.8060487175697 10.6515926896223 66 -0.187995478836877 -0.0671797645008008 0.530008399796631 0.7275503525 66 11
69 13 69 65.2546986062202 11.3829529014913 66 -0.220219709342293 -0.0895133715300322 0.530296260025041 0.7181997739 65 11
69 14 69 64.6747243020174 12.0476481733157 65 -0.253246859144622 -0.0626197941975564 0.529495119934021 0.70983860455 65 12
69 15 69 63.9966398525545 12.7470777950617 65 -0.269459154741676 -0.0770932850614594 0.528851823006002 0.7017177336 64 13
70 5 70 69.4946761058711 4.89193469809463 70 -0.0140777480460276 -0.0183568027551173 0.531399405014696 0.76288837205 69 5
70 6 70 69.2369249853339 5.80278535591252 69 -0.0429189075203788 -0.0158983437609188 0.531421432603432 0.75750219525 69 6
70 7 70 68.9055284916509 6.68707738248244 69 -0.0559751233314066 -0.0285725005056805 0.531683632466033 0.7513163232 69 7
70 8 70 68.5740934284019 7.5403586259909 69 -0.0813176552300049 -0.0476684658446631 0.53176182582441 0.74341612965 69 8
70 9 70 68.1481465068909 8.36544534059459 68 -0.119148120164456 -0.0501068084470369 0.532019345059119 0.7356860019 68 8
70 10 70 67.6966938091753 9.11979794028634 68 -0.135336280637723 -0.0769274764757237 0.53150999463945 0.7274361758 68 9
70 11 70 67.2079012619806 9.85687791436886 68 -0.171635259240062 -0.0671706321749341 0.531687403412343 0.71873854505 67 10
70 12 70 66.5938025355467 10.6062445872808 67 -0.208799388784996 -0.0318045664003632 0.532001344574739 0.710618735 67 11
70 13 70 66.0245371482957 11.309433851512 66 -0.238684105220281 -0.0634966025885113 0.53151806626675 0.7015023483 66 11
70 14 70 65.3875395237052 11.9176434855781 66 -0.255393216982512 -0.0545935544614835 0.53115220222688 0.6945695281 65 12
70 15 70 64.7020574712314 12.664581829784 65 -0.28679725321871 -0.0665751331039872 0.530778342620834 0.68591061855 65 13
71 5 71 70.4214714641554 4.85536203904758 70 -0.0177794668307351 -0.00353025560119846 0.533347464038254 0.74716041365 70 5
71 6 71 70.1741449565922 5.79358506670187 70 -0.0330969947097844 -0.0115134871162006 0.533514005915383 0.74050045935 70 6
71 7 71 69.8313138576343 6.64725094530139 70 -0.0632195354557662 -0.029263435936282 0.533857410514685 0.73424551515 70 7
71 8 71 69.451730951401 7.4970701899745 70 -0.0959601361187418 -0.0529134737295704 0.533867353981212 0.72649652195 69 7
71 9 71 69.0072484881919 8.29511043986645 69 -0.123165429218157 -0.0694358892861104 0.53398733834189 0.71850911005 69 8
71 10 71 68.5117037775061 9.07091437542559 69 -0.149982184381057 -0.0712083160368073 0.533874645549317 0.7098172958 69 9
71 11 71 67.9847795234173 9.77739281628761 68 -0.18147733513744 -0.0722989595093586 0.533061908659096 0.70210256505 68 10
71 12 71 67.4240932523891 10.4863774685623 68 -0.211133583267496 -0.0774255661162355 0.533437622049283 0.69335938545 67 10
71 13 71 66.7482914852799 11.1826024014694 67 -0.235425805660299 -0.0872867006541234 0.532661354928213 0.685617593 67 11
71 14 71 66.0353741286214 11.9031028041525 67 -0.26637259182253 -0.0724487842902368 0.532708527891583 0.6780491841 66 12
71 15 71 65.440597906821 12.5378119022142 66 -0.297557056793847 -0.0353656672523437 0.532287318675557 0.6692622595 65 13
72 5 72 71.3952462292575 4.88135248605518 71 -0.0275653451258959 -0.000586639044583226 0.535616747149702 0.72872182055 71 5
72 6 72 71.1076410729307 5.76980820462181 71 -0.0500114552809189 -0.00972436974657187 0.535859442978922 0.7226540291 71 6
72 7 72 70.7088120748346 6.63126585057024 71 -0.0689165400635505 -0.0371163672328643 0.5356930457439 0.7165735038 71 7
72 8 72 70.3116687451341 7.44845373599928 70 -0.0918366596127258 -0.0359006155444122 0.535654321115217 0.70865439685 70 7
72 9 72 69.8510857489722 8.23727792629497 70 -0.135816258898609 -0.0438562767068076 0.535601413800095 0.70066308785 70 8
72 10 72 69.3145108345985 8.9947585106251 70 -0.160741903663856 -0.0496309054249586 0.535471481000068 0.69238320145 69 9
72 11 72 68.7716172003261 9.69019320281498 69 -0.187586049706508 -0.0821010926292334 0.535409691075776 0.68377055375 69 10
72 12 72 68.1191676426516 10.4579573972398 69 -0.226657618489699 -0.0675166036594508 0.533925341938138 0.6757544402 68 10
72 13 72 67.503200742984 11.0901839113688 68 -0.249223120594098 -0.0686464484849236 0.534468938785052 0.6682226785 68 11
72 14 72 66.8259649831974 11.752839346105 67 -0.277250849367999 -0.0360116725912496 0.534639998041816 0.6607265616 67 12
72 15 72 66.1124051895143 12.4201962003627 67 -0.316784673538539 -0.0334250300272014 0.532997010676441 0.6533137217 66 12
73 5 73 72.3214504151241 4.86020123410532 72 -0.0278074268887571 -0.00610212714232805 0.537575563207283 0.71054311755 72 5
73 6 73 72.0030885319878 5.75231263227919 72 -0.049071921716622 -0.0346233030804606 0.537787604391888 0.70419327325 72 6
73 7 73 71.6140816328673 6.62476642344077 72 -0.0898676931992315 -0.0138540290115614 0.537718217050543 0.69702593815 72 7
73 8 73 71.1797071015719 7.39622024570876 71 -0.09508623524602 -0.0452836113759081 0.537457927977881 0.6899225076 71 7
73 9 73 70.6875647348445 8.18465934842324 71 -0.146296417012701 -0.0271825288368768 0.537536423029062 0.6817332163 71 8
73 10 73 70.1482338376363 8.92349020247839 70 -0.177629538653717 -0.0426133274161717 0.537037217745558 0.6730093192 70 9
73 11 73 69.4973100955738 9.6558969944076 70 -0.209985675927178 -0.0279305330017552 0.537567933523229 0.6658027819 69 10
73 12 73 68.8575236134934 10.3298961919652 69 -0.224772577784155 -0.0809487137131448 0.535947145424711 0.65853472495 69 10
73 13 73 68.2489455911657 11.0007873028583 69 -0.267461473080417 -0.0249589559089083 0.535973649321727 0.6493969917 68 11
73 14 73 67.5296190319402 11.6372717618094 68 -0.288227559286351 -0.0400873994741007 0.535942608032982 0.64263932945 68 12
73 15 73 66.8190908840959 12.2929079872637 68 -0.316320592899099 -0.0416438556237515 0.53513906526128 0.63548128725 67 12
74 5 74 73.2691599134606 4.84722769978336 73 -0.0381291113599842 -0.00853282457257798 0.540083527781176 0.6905254897 73 5
74 6 74 72.9181763063096 5.72578536885823 73 -0.0570319891016945 -0.0261296627213854 0.54034834444428 0.68409464515 73 6
74 7 74 72.5161301275451 6.55962605082727 73 -0.0809141151754827 -0.0403542949367388 0.540666973032623 0.67679266915 73 7
74 8 74 72.0332207158104 7.34922902846274 72 -0.115766622813982 -0.035110679186511 0.539972995658927 0.6698168991 72 7
74 9 74 71.4880096124288 8.12009674812646 72 -0.134403827975638 -0.0514853551158621 0.539394597847704 0.6619023908 71 8
74 10 74 70.9394455635585 8.85105465672509 71 -0.18630844477836 -0.0378040768517889 0.539403731832331 0.6533005569 71 9
74 11 74 70.3160775697568 9.56315351039816 71 -0.20606132956957 -0.0575868735851746 0.53853679916388 0.64554156455 70 10
74 12 74 69.603704175493 10.2337668718376 70 -0.226948727599715 -0.062340916635875 0.537481493772268 0.63918398425 70 10
74 13 74 68.9730440769916 10.9076039206448 69 -0.280335022350317 -0.0170415433252478 0.538908174360439 0.6307682024 69 11
74 14 74 68.1821919961323 11.5717255693648 69 -0.297562577414791 -0.0216822543095949 0.536719484129097 0.62508648935 68 12
74 15 74 67.4712128273294 12.1881449093958 68 -0.32206656023269 -0.0180275131157672 0.5356538200608 0.6185332024 67 12
75 5 75 74.1643739166842 4.8395916304214 74 -0.0352211728904548 -0.0176668769425525 0.54294325659573 0.6700123193 74 5
75 6 75 73.7974504729969 5.7149729761649 74 -0.0692679329541061 -0.0320372554285275 0.542875620793314 0.66339288735 74 6
75 7 75 73.3675409856336 6.52966905292438 73 -0.0758882431953708 -0.056042003093717 0.542502410038879 0.65597753985 73 7
75 8 75 72.8590435303419 7.31936924831209 73 -0.123977245275682 -0.0418068988987721 0.542284469599085 0.6488188692 73 7
75 9 75 72.3163813194546 8.07065314582789 73 -0.161205521831757 -0.0523648848086271 0.5419490160938 0.64065873595 72 8
75 10 75 71.6855685031119 8.81351824422734 72 -0.20425943766995 -0.0253411433299089 0.541741328975467 0.6331983959 72 9
75 11 75 71.0520918662182 9.49935602224974 71 -0.230403988537533 -0.0365549477560148 0.540516861404233 0.6254092129 71 9
75 12 75 70.3124392924488 10.1674859386402 71 -0.254055307636889 -0.0492257029906145 0.539714365646557 0.6200074041 70 10
75 13 75 69.6191594635094 10.8313940986832 70 -0.280774546275316 -0.0485352772555139 0.538984238993994 0.6115418709 70 11
75 14 75 68.8862951402056 11.4521271394128 70 -0.306020933474609 -0.0238220918944596 0.537565619078298 0.60606187875 69 11
75 15 75 68.0620722116297 12.1215624394394 69 -0.337236475537252 0.0152940081721771 0.536778607308222 0.6007887728 68 12
76 5 76 75.1068753133551 4.81950067354008 75 -0.0439229690883688 -0.021192518255436 0.545978549138092 0.6472901583 75 5
76 6 76 74.7063378732464 5.67704304467645 75 -0.0631209894807889 -0.0353239528799807 0.545525407287634 0.64079129025 75 6
76 7 76 74.2487528218013 6.46921919852249 74 -0.0846357926212087 -0.0227273954573963 0.545174164462469 0.6336828216 74 6
76 8 76 73.7098629294562 7.26078025213322 74 -0.125793051911965 -0.0407158489391231 0.54483469635378 0.6261929417 74 7
76 9 76 73.1425883537423 7.98705868177901 73 -0.150340717522845 -0.03137543209857 0.543604346099156 0.6188443897 73 8
76 10 76 72.4708832668484 8.72303359820997 73 -0.195491068824677 -0.0448791626779776 0.543225711590397 0.612082635 72 9
76 11 76 71.770742460797 9.41549530951131 72 -0.232183159246368 -0.0331832848695668 0.543271468494886 0.6047333823 72 9
76 12 76 71.0688240528283 10.0874629580245 72 -0.265515786600513 -0.0295376456109713 0.541980570600758 0.5980197563 71 10
76 13 76 70.3309837699204 10.75559853331 71 -0.300461362111116 -0.00568734987278496 0.539909760751943 0.5912745856 70 11
76 14 76 69.5804684918938 11.3531693506088 70 -0.320032671349247 -0.00604882017211361 0.539758649044627 0.5861494759 70 11
76 15 76 68.7685183860462 11.943014727959 69 -0.339687220515809 -0.00251571048242161 0.539790945271094 0.58199078125 69 12
77 5 77 76.0182432158092 4.78785902559497 76 -0.0443901971903268 0.0147305434093301 0.548537981481629 0.6241869125 76 5
77 6 77 75.5962812227336 5.64176496664908 76 -0.0697757612003803 -0.0184229239130747 0.548485344182541 0.61746975565 76 6
77 7 77 75.0997686943555 6.43489980360708 75 -0.101943430884626 -0.0416978525573399 0.547434588784476 0.6106579037 75 6
77 8 77 74.5298328704413 7.21605634305065 75 -0.152057060132027 -0.0241866071153676 0.547172697825981 0.6035662621 75 7
77 9 77 73.9289568632195 7.91529360692289 74 -0.156254192923676 -0.0574307197837371 0.546296917086263 0.59608414365 74 8
77 10 77 73.1973294675326 8.67111033675002 74 -0.210239250147887 -0.0512687710322632 0.54479628780544 0.58991376785 73 9
77 11 77 72.508317580462 9.32384432096895 73 -0.233420367575425 -0.0674541865903118 0.544434684469175 0.58365579355 73 9
77 12 77 71.7142182559663 10.0023836723159 72 -0.271988079674618 -0.0275573032501151 0.544534189056106 0.5787392708 72 10
77 13 77 70.9472319779511 10.6580485774317 72 -0.305188676388483 0.00212405490701384 0.54146563669546 0.57364457345 71 11
77 14 77 70.2050227022132 11.269432685129 71 -0.339141054448633 0.0175603532945825 0.541544790954024 0.56679164305 70 11
77 15 77 69.3779042114032 11.8911084993785 70 -0.371386915439068 0.042346694513252 0.539368892958243 0.5636358628 69 12
78 5 78 76.9358804212747 4.76844265884502 77 -0.042762201034015 -0.0290472777169399 0.551830133503203 0.59925268325 77 5
78 6 78 76.4622028297773 5.60783410366416 77 -0.0783474643562134 -0.0340841213124174 0.551513275913289 0.59313001325 76 6
78 7 78 75.9338234523152 6.40352486625173 76 -0.113437637322645 -0.0185531408216377 0.551478130804755 0.5862114315 76 6
78 8 78 75.321755451516 7.15830447415019 75 -0.135681112429895 -0.050965033566905 0.549984852305567 0.5796429971 75 7
78 9 78 74.6808746874668 7.87658597155135 75 -0.179769616456703 -0.0227023109351179 0.548840574666911 0.5726484156 75 8
78 10 78 73.9372305863273 8.57109358348742 74 -0.215093087107879 -0.0245296335055718 0.546973063456708 0.56778599185 74 9
78 11 78 73.1987150119747 9.2127456167564 74 -0.228370953250409 -0.0416313760943909 0.545442962722134 0.5627134306 73 9
78 12 78 72.4485365940051 9.86837030057197 73 -0.282703656805338 -0.00503879193575019 0.544734486998692 0.5565549908 72 10
78 13 78 71.6303278305472 10.5187455194974 72 -0.308196266123601 -0.00703270150900659 0.544742037550022 0.55282747455 72 11
78 14 78 70.8493841997964 11.123423301449 71 -0.326042397152671 -0.0119812710133469 0.543980706763245 0.5471155791 71 11
78 15 78 70.0055178398522 11.7799219491031 71 -0.37215460785604 0.0343216248509446 0.541773195670276 0.5436950474 70 12
79 5 79 77.8363628247118 4.75129105365887 78 -0.0563140787493616 -0.0101965537200472 0.555171610778023 0.5732653108 78 5
79 6 79 77.3278773498583 5.56088009458492 77 -0.0994569857370253 -0.0149904344737477 0.554335141732575 0.56801390575 77 6
79 7 79 76.7504449642412 6.34322443403048 77 -0.116090389257407 -0.0339843671725131 0.553579877972879 0.5617665463 77 6
79 8 79 76.0920196035269 7.08418669236903 76 -0.148007388971489 -0.0550757397926254 0.552207294341693 0.55635754 76 7
79 9 79 75.4089390364163 7.8056349726483 76 -0.178223876867389 -0.0298256199859055 0.551348965605387 0.54936004635 75 8
79 10 79 74.6736679917541 8.49101859147357 75 -0.228840973519614 -0.0364886181087272 0.550216173012431 0.5440583155 75 8
79 11 79 73.8719773327636 9.14602859249271 74 -0.258552543459095 -0.00908220026915751 0.548673198448735 0.5398762078 74 9
79 12 79 73.1594347744962 9.80419892471028 74 -0.304074037246519 0.00817673130047725 0.547349870079511 0.5336866861 73 10
79 13 79 72.2909484299736 10.414261309636 73 -0.318446352070278 0.0194548131836454 0.546091306561863 0.5315997143 72 10
79 14 79 71.4842115066115 11.0282511094174 72 -0.351572145290893 0.0466098866267495 0.544770237427842 0.52710572315 71 11
79 15 79 70.577117396457 11.6662651192014 71 -0.364534076502833 0.025157242850534 0.54339648254899 0.52470198015 71 12
80 5 80 78.7337104526882 4.71501217383981 79 -0.0642500863878436 -0.0162205724612456 0.55937265171136 0.5460343452 79 5
80 6 80 78.1991564839668 5.5390191816001 78 -0.0961025154662878 -0.0181324733104491 0.557502873646747 0.540322154 78 6
80 7 80 77.5536680546245 6.30485595961324 78 -0.121841247615866 -0.0315541064476221 0.55674991256745 0.5356366129 78 6
80 8 80 76.8882198317098 7.04154943247067 77 -0.160571877968679 -0.0220585079074942 0.555434092972448 0.52974484925 77 7
80 9 80 76.1816386412977 7.70939270172606 76 -0.200054745914033 -0.0258174835772524 0.553067240055064 0.52534861425 76 8
80 10 80 75.3860406817346 8.39443691202186 76 -0.230149032826676 -0.0054910786187965 0.553265016659095 0.52096577295 75 8
80 11 80 74.6065062802798 9.0436503111712 75 -0.264515169953688 -0.0147924230619361 0.551407738306195 0.5168922603 75 9
80 12 80 73.7787425472427 9.66267445594472 74 -0.285254080568627 -0.00386634933048224 0.549259850084497 0.5126941273 74 10
80 13 80 72.9269457736725 10.3102255326419 74 -0.328249552535962 0.0166955343576261 0.548285605544836 0.5102123857 73 10
80 14 80 72.0453108500508 10.9334778582518 73 -0.348201848435728 0.0195480918000941 0.547050687773354 0.50731215535 72 11
80 15 80 71.1615067755184 11.594591014774 72 -0.394517813506255 0.0546199910282792 0.545607528511707 0.50460454175 71 12
